# R(arcsec), vrot(km/s), vrot error
      3.17753      117.747      4.13720
      5.78455      172.492      3.60726
      7.81048      192.557      2.29495
      9.73237      204.222      1.38989
      11.4815      208.980      1.23828
      13.3158      211.444     0.907733
      15.3143      211.251     0.773455
      17.3145      211.795     0.613466
      19.2506      213.005     0.527125
      21.2231      213.895     0.637388
      23.1856      214.992     0.770176
      25.1507      218.704      1.23210
