# %ECSV 0.9
# ---
# datatype:
# - {name: radius, unit: arcsec, datatype: float64, description: Adopting RA=243.237
#     deg DEC=9.86703 deg PA=308.2 INC=65.6}
# - {name: r_kpc, unit: kpc, datatype: float64, format: 10.3f, description: Adopting
#     distance of 73.5493 Mpc}
# - {name: r_r25, unit: '', datatype: float64, format: 10.3f, description: Adopting
#     R25=46.5717 arcsec}
# - {name: npix, datatype: int64}
# - {name: ngood, datatype: int64, description: Requiring fill fraction of 0.1 npix}
# - {name: wtmean, unit: K km / s, datatype: float64, format: 10.3f, description: Replaced
#     blanks with 1 times ../NGC6081.co.de20_smo.emom0max.fits}
# - {name: rms, unit: K km / s, datatype: float32}
# - {name: annsum, unit: K km pix / s, datatype: float32, format: 10.3f}
# - {name: cumsum, unit: K km pix / s, datatype: float32}
# - {name: detlim, unit: K km / s, datatype: float64, format: 10.3f}
# - {name: cumlum, unit: K km pc2 / s, datatype: float32}
# - {name: sigmol, unit: solMass / pc2, datatype: float64, format: 10.3f}
# - {name: cummass, unit: solMass, datatype: float32}
# delimiter: ','
# schema: astropy-2.0
radius,r_kpc,r_r25,npix,ngood,wtmean,rms,annsum,cumsum,detlim,cumlum,sigmol,cummass
1.0,0.357,0.021,6,0,nan,nan,0.000,0.0,17.938,0.0,nan,0.0
3.0,1.070,0.064,17,0,nan,nan,0.000,0.0,10.673,0.0,nan,0.0
5.0,1.783,0.107,23,0,nan,nan,0.000,0.0,9.192,0.0,nan,0.0
7.0,2.496,0.150,36,0,nan,nan,0.000,0.0,7.371,0.0,nan,0.0
9.0,3.209,0.193,48,0,nan,nan,0.000,0.0,6.413,0.0,nan,0.0
11.0,3.922,0.236,58,0,nan,nan,0.000,0.0,5.862,0.0,nan,0.0
13.0,4.636,0.279,70,0,nan,nan,0.000,0.0,5.376,0.0,nan,0.0
15.0,5.349,0.322,74,0,nan,nan,0.000,0.0,5.272,0.0,nan,0.0
17.0,6.062,0.365,84,0,nan,nan,0.000,0.0,4.988,0.0,nan,0.0
19.0,6.775,0.408,103,0,nan,nan,0.000,0.0,4.554,0.0,nan,0.0
21.0,7.488,0.451,108,0,nan,nan,0.000,0.0,4.494,0.0,nan,0.0
23.0,8.201,0.494,124,0,nan,nan,0.000,0.0,4.258,0.0,nan,0.0
25.0,8.914,0.537,124,0,nan,nan,0.000,0.0,4.321,0.0,nan,0.0
27.0,9.628,0.580,138,0,nan,nan,0.000,0.0,4.156,0.0,nan,0.0
29.0,10.341,0.623,151,0,nan,nan,0.000,0.0,4.044,0.0,nan,0.0
31.0,11.054,0.666,166,0,nan,nan,0.000,0.0,3.934,0.0,nan,0.0
33.0,11.767,0.709,169,0,nan,nan,0.000,0.0,3.989,0.0,nan,0.0
35.0,12.480,0.752,177,0,nan,nan,0.000,0.0,3.988,0.0,nan,0.0
37.0,13.193,0.794,198,0,nan,nan,0.000,0.0,3.861,0.0,nan,0.0
39.0,13.907,0.837,202,0,nan,nan,0.000,0.0,3.925,0.0,nan,0.0
41.0,14.620,0.880,214,0,nan,nan,0.000,0.0,3.920,0.0,nan,0.0
43.0,15.333,0.923,225,0,nan,nan,0.000,0.0,3.971,0.0,nan,0.0
45.0,16.046,0.966,226,0,nan,nan,0.000,0.0,4.082,0.0,nan,0.0
47.0,16.759,1.009,244,0,nan,nan,0.000,0.0,4.051,0.0,nan,0.0
49.0,17.472,1.052,265,0,nan,nan,0.000,0.0,4.065,0.0,nan,0.0
51.0,18.185,1.095,254,0,nan,nan,0.000,0.0,4.348,0.0,nan,0.0
53.0,18.899,1.138,281,0,nan,nan,0.000,0.0,4.330,0.0,nan,0.0
55.0,19.612,1.181,283,0,nan,nan,0.000,0.0,4.581,0.0,nan,0.0
57.0,20.325,1.224,296,0,nan,nan,0.000,0.0,4.558,0.0,nan,0.0
59.0,21.038,1.267,312,0,nan,nan,0.000,0.0,4.590,0.0,nan,0.0
61.0,21.751,1.310,293,0,nan,nan,0.000,0.0,4.742,0.0,nan,0.0
63.0,22.464,1.353,278,0,nan,nan,0.000,0.0,4.928,0.0,nan,0.0
65.0,23.178,1.396,264,0,nan,nan,0.000,0.0,4.950,0.0,nan,0.0
67.0,23.891,1.439,254,0,nan,nan,0.000,0.0,4.957,0.0,nan,0.0
69.0,24.604,1.482,262,0,nan,nan,0.000,0.0,4.944,0.0,nan,0.0
71.0,25.317,1.525,237,0,nan,nan,0.000,0.0,5.167,0.0,nan,0.0
73.0,26.030,1.567,209,0,nan,nan,0.000,0.0,5.338,0.0,nan,0.0
75.0,26.743,1.610,178,0,nan,nan,0.000,0.0,5.462,0.0,nan,0.0
77.0,27.456,1.653,173,0,nan,nan,0.000,0.0,5.396,0.0,nan,0.0
79.0,28.170,1.696,168,0,nan,nan,0.000,0.0,5.458,0.0,nan,0.0
81.0,28.883,1.739,154,0,nan,nan,0.000,0.0,5.690,0.0,nan,0.0
83.0,29.596,1.782,146,0,nan,nan,0.000,0.0,5.893,0.0,nan,0.0
85.0,30.309,1.825,141,0,nan,nan,0.000,0.0,5.965,0.0,nan,0.0
87.0,31.022,1.868,142,0,nan,nan,0.000,0.0,5.956,0.0,nan,0.0
89.0,31.735,1.911,136,0,nan,nan,0.000,0.0,6.175,0.0,nan,0.0
91.0,32.449,1.954,127,0,nan,nan,0.000,0.0,6.444,0.0,nan,0.0
93.0,33.162,1.997,118,0,nan,nan,0.000,0.0,6.661,0.0,nan,0.0
95.0,33.875,2.040,122,0,nan,nan,0.000,0.0,6.614,0.0,nan,0.0
97.0,34.588,2.083,121,0,nan,nan,0.000,0.0,6.849,0.0,nan,0.0
99.0,35.301,2.126,114,0,nan,nan,0.000,0.0,7.079,0.0,nan,0.0
101.0,36.014,2.169,104,0,nan,nan,0.000,0.0,7.508,0.0,nan,0.0
103.0,36.727,2.212,101,0,nan,nan,0.000,0.0,7.760,0.0,nan,0.0
105.0,37.441,2.255,104,0,nan,nan,0.000,0.0,7.889,0.0,nan,0.0
107.0,38.154,2.298,97,0,nan,nan,0.000,0.0,8.415,0.0,nan,0.0
109.0,38.867,2.340,96,0,nan,nan,0.000,0.0,8.663,0.0,nan,0.0
111.0,39.580,2.383,89,0,nan,nan,0.000,0.0,9.243,0.0,nan,0.0
113.0,40.293,2.426,87,0,nan,nan,0.000,0.0,9.697,0.0,nan,0.0
115.0,41.006,2.469,86,0,nan,nan,0.000,0.0,10.541,0.0,nan,0.0
117.0,41.720,2.512,80,0,nan,nan,0.000,0.0,11.691,0.0,nan,0.0
119.0,42.433,2.555,78,0,nan,nan,0.000,0.0,13.200,0.0,nan,0.0
121.0,43.146,2.598,75,0,nan,nan,0.000,0.0,18.023,0.0,nan,0.0
123.0,43.859,2.641,71,0,nan,nan,0.000,0.0,30.877,0.0,nan,0.0
125.0,44.572,2.684,66,0,nan,nan,0.000,0.0,nan,0.0,nan,0.0
127.0,45.285,2.727,68,0,nan,nan,0.000,0.0,nan,0.0,nan,0.0
129.0,45.998,2.770,64,0,nan,nan,0.000,0.0,nan,0.0,nan,0.0
131.0,46.712,2.813,56,0,nan,nan,0.000,0.0,nan,0.0,nan,0.0
133.0,47.425,2.856,56,0,nan,nan,0.000,0.0,nan,0.0,nan,0.0
135.0,48.138,2.899,54,0,nan,nan,0.000,0.0,nan,0.0,nan,0.0
137.0,48.851,2.942,49,0,nan,nan,0.000,0.0,nan,0.0,nan,0.0
139.0,49.564,2.985,47,0,nan,nan,0.000,0.0,nan,0.0,nan,0.0
141.0,50.277,3.028,44,0,nan,nan,0.000,0.0,nan,0.0,nan,0.0
143.0,50.991,3.071,41,0,nan,nan,0.000,0.0,nan,0.0,nan,0.0
145.0,51.704,3.113,39,0,nan,nan,0.000,0.0,nan,0.0,nan,0.0
147.0,52.417,3.156,36,0,nan,nan,0.000,0.0,nan,0.0,nan,0.0
149.0,53.130,3.199,31,0,nan,nan,0.000,0.0,nan,0.0,nan,0.0
151.0,53.843,3.242,30,0,nan,nan,0.000,0.0,nan,0.0,nan,0.0
153.0,54.556,3.285,26,0,nan,nan,0.000,0.0,nan,0.0,nan,0.0
155.0,55.269,3.328,24,0,nan,nan,0.000,0.0,nan,0.0,nan,0.0
157.0,55.983,3.371,21,0,nan,nan,0.000,0.0,nan,0.0,nan,0.0
159.0,56.696,3.414,18,0,nan,nan,0.000,0.0,nan,0.0,nan,0.0
161.0,57.409,3.457,15,0,nan,nan,0.000,0.0,nan,0.0,nan,0.0
163.0,58.122,3.500,13,0,nan,nan,0.000,0.0,nan,0.0,nan,0.0
165.0,58.835,3.543,10,0,nan,nan,0.000,0.0,nan,0.0,nan,0.0
167.0,59.548,3.586,6,0,nan,nan,0.000,0.0,nan,0.0,nan,0.0
169.0,60.262,3.629,5,0,nan,nan,0.000,0.0,nan,0.0,nan,0.0
171.0,60.975,3.672,1,0,nan,nan,0.000,0.0,nan,0.0,nan,0.0
173.0,61.688,3.715,0,0,nan,nan,0.000,0.0,nan,0.0,nan,0.0
