# %ECSV 0.9
# ---
# datatype:
# - {name: radius, unit: arcsec, datatype: float64, description: Adopting RA=153.015
#     deg DEC=23.0854 deg PA=61.8 INC=81.0}
# - {name: r_kpc, unit: kpc, datatype: float64, format: 10.3f, description: Adopting
#     distance of 91.7522 Mpc}
# - {name: r_r25, unit: '', datatype: float64, format: 10.3f, description: Adopting
#     R25=47.002500000000005 arcsec}
# - {name: npix, datatype: int64}
# - {name: ngood, datatype: int64, description: Requiring fill fraction of 0.1 npix}
# - {name: wtmean, unit: K km / s, datatype: float64, format: 10.3f, description: Replaced
#     blanks with 1 times ../UGC05498NED01.co.de20_smo.emom0max.fits}
# - {name: rms, unit: K km / s, datatype: float32}
# - {name: annsum, unit: K km pix / s, datatype: float32, format: 10.3f}
# - {name: cumsum, unit: K km pix / s, datatype: float32}
# - {name: detlim, unit: K km / s, datatype: float64, format: 10.3f}
# - {name: cumlum, unit: K km pc2 / s, datatype: float32}
# - {name: sigmol, unit: solMass / pc2, datatype: float64, format: 10.3f}
# - {name: cummass, unit: solMass, datatype: float32}
# delimiter: ','
# schema: astropy-2.0
radius,r_kpc,r_r25,npix,ngood,wtmean,rms,annsum,cumsum,detlim,cumlum,sigmol,cummass
1.0,0.445,0.021,1,0,nan,nan,0.000,0.0,43.623,0.0,nan,0.0
3.0,1.334,0.064,6,0,nan,nan,0.000,0.0,17.825,0.0,nan,0.0
5.0,2.224,0.106,10,0,nan,nan,0.000,0.0,13.830,0.0,nan,0.0
7.0,3.114,0.149,15,0,nan,nan,0.000,0.0,11.329,0.0,nan,0.0
9.0,4.003,0.191,17,0,nan,nan,0.000,0.0,10.682,0.0,nan,0.0
11.0,4.893,0.234,22,0,nan,nan,0.000,0.0,9.442,0.0,nan,0.0
13.0,5.783,0.277,28,0,nan,nan,0.000,0.0,8.414,0.0,nan,0.0
15.0,6.672,0.319,27,0,nan,nan,0.000,0.0,8.635,0.0,nan,0.0
17.0,7.562,0.362,33,0,nan,nan,0.000,0.0,7.869,0.0,nan,0.0
19.0,8.452,0.404,35,0,nan,nan,0.000,0.0,7.695,0.0,nan,0.0
21.0,9.341,0.447,42,0,nan,nan,0.000,0.0,7.112,0.0,nan,0.0
23.0,10.231,0.489,46,0,nan,nan,0.000,0.0,6.865,0.0,nan,0.0
25.0,11.121,0.532,47,0,nan,nan,0.000,0.0,6.902,0.0,nan,0.0
27.0,12.010,0.574,53,0,nan,nan,0.000,0.0,6.564,0.0,nan,0.0
29.0,12.900,0.617,58,0,nan,nan,0.000,0.0,6.395,0.0,nan,0.0
31.0,13.790,0.660,63,0,nan,nan,0.000,0.0,6.254,0.0,nan,0.0
33.0,14.679,0.702,63,0,nan,nan,0.000,0.0,6.341,0.0,nan,0.0
35.0,15.569,0.745,74,0,nan,nan,0.000,0.0,5.987,0.0,nan,0.0
37.0,16.459,0.787,69,0,nan,nan,0.000,0.0,6.421,0.0,nan,0.0
39.0,17.348,0.830,78,0,nan,nan,0.000,0.0,6.169,0.0,nan,0.0
41.0,18.238,0.872,81,0,nan,nan,0.000,0.0,6.131,0.0,nan,0.0
43.0,19.128,0.915,84,0,nan,nan,0.000,0.0,6.248,0.0,nan,0.0
45.0,20.017,0.957,86,0,nan,nan,0.000,0.0,6.402,0.0,nan,0.0
47.0,20.907,1.000,96,0,nan,nan,0.000,0.0,6.228,0.0,nan,0.0
49.0,21.797,1.042,97,0,nan,nan,0.000,0.0,6.363,0.0,nan,0.0
51.0,22.686,1.085,96,0,nan,nan,0.000,0.0,6.777,0.0,nan,0.0
53.0,23.576,1.128,104,0,nan,nan,0.000,0.0,6.748,0.0,nan,0.0
55.0,24.465,1.170,113,0,nan,nan,0.000,0.0,6.577,0.0,nan,0.0
57.0,25.355,1.213,105,0,nan,nan,0.000,0.0,7.111,0.0,nan,0.0
59.0,26.245,1.255,94,0,nan,nan,0.000,0.0,7.044,0.0,nan,0.0
61.0,27.134,1.298,101,0,nan,nan,0.000,0.0,6.635,0.0,nan,0.0
63.0,28.024,1.340,85,0,nan,nan,0.000,0.0,7.080,0.0,nan,0.0
65.0,28.914,1.383,85,0,nan,nan,0.000,0.0,7.104,0.0,nan,0.0
67.0,29.803,1.425,89,0,nan,nan,0.000,0.0,6.903,0.0,nan,0.0
69.0,30.693,1.468,87,0,nan,nan,0.000,0.0,7.011,0.0,nan,0.0
71.0,31.583,1.511,75,0,nan,nan,0.000,0.0,7.500,0.0,nan,0.0
73.0,32.472,1.553,85,0,nan,nan,0.000,0.0,7.059,0.0,nan,0.0
75.0,33.362,1.596,85,0,nan,nan,0.000,0.0,6.856,0.0,nan,0.0
77.0,34.252,1.638,79,0,nan,nan,0.000,0.0,7.261,0.0,nan,0.0
79.0,35.141,1.681,81,0,nan,nan,0.000,0.0,7.215,0.0,nan,0.0
81.0,36.031,1.723,75,0,nan,nan,0.000,0.0,7.389,0.0,nan,0.0
83.0,36.921,1.766,82,0,nan,nan,0.000,0.0,6.985,0.0,nan,0.0
85.0,37.810,1.808,79,0,nan,nan,0.000,0.0,7.429,0.0,nan,0.0
87.0,38.700,1.851,74,0,nan,nan,0.000,0.0,7.470,0.0,nan,0.0
89.0,39.590,1.894,81,0,nan,nan,0.000,0.0,7.005,0.0,nan,0.0
91.0,40.479,1.936,74,0,nan,nan,0.000,0.0,7.552,0.0,nan,0.0
93.0,41.369,1.979,81,0,nan,nan,0.000,0.0,7.206,0.0,nan,0.0
95.0,42.259,2.021,73,0,nan,nan,0.000,0.0,7.572,0.0,nan,0.0
97.0,43.148,2.064,82,0,nan,nan,0.000,0.0,7.031,0.0,nan,0.0
99.0,44.038,2.106,73,0,nan,nan,0.000,0.0,7.742,0.0,nan,0.0
101.0,44.928,2.149,73,0,nan,nan,0.000,0.0,7.552,0.0,nan,0.0
103.0,45.817,2.191,79,0,nan,nan,0.000,0.0,7.267,0.0,nan,0.0
105.0,46.707,2.234,71,0,nan,nan,0.000,0.0,7.746,0.0,nan,0.0
107.0,47.597,2.276,81,0,nan,nan,0.000,0.0,7.272,0.0,nan,0.0
109.0,48.486,2.319,74,0,nan,nan,0.000,0.0,7.639,0.0,nan,0.0
111.0,49.376,2.362,75,0,nan,nan,0.000,0.0,7.391,0.0,nan,0.0
113.0,50.265,2.404,71,0,nan,nan,0.000,0.0,7.918,0.0,nan,0.0
115.0,51.155,2.447,75,0,nan,nan,0.000,0.0,7.614,0.0,nan,0.0
117.0,52.045,2.489,82,0,nan,nan,0.000,0.0,7.320,0.0,nan,0.0
119.0,52.934,2.532,70,0,nan,nan,0.000,0.0,7.935,0.0,nan,0.0
121.0,53.824,2.574,71,0,nan,nan,0.000,0.0,7.729,0.0,nan,0.0
123.0,54.714,2.617,79,0,nan,nan,0.000,0.0,7.491,0.0,nan,0.0
125.0,55.603,2.659,75,0,nan,nan,0.000,0.0,7.696,0.0,nan,0.0
127.0,56.493,2.702,72,0,nan,nan,0.000,0.0,8.039,0.0,nan,0.0
129.0,57.383,2.745,73,0,nan,nan,0.000,0.0,7.756,0.0,nan,0.0
131.0,58.272,2.787,74,0,nan,nan,0.000,0.0,7.677,0.0,nan,0.0
133.0,59.162,2.830,73,0,nan,nan,0.000,0.0,8.011,0.0,nan,0.0
135.0,60.052,2.872,73,0,nan,nan,0.000,0.0,7.934,0.0,nan,0.0
137.0,60.941,2.915,78,0,nan,nan,0.000,0.0,7.665,0.0,nan,0.0
139.0,61.831,2.957,73,0,nan,nan,0.000,0.0,8.003,0.0,nan,0.0
141.0,62.721,3.000,71,0,nan,nan,0.000,0.0,7.992,0.0,nan,0.0
143.0,63.610,3.042,75,0,nan,nan,0.000,0.0,8.045,0.0,nan,0.0
145.0,64.500,3.085,75,0,nan,nan,0.000,0.0,7.844,0.0,nan,0.0
147.0,65.390,3.127,70,0,nan,nan,0.000,0.0,8.458,0.0,nan,0.0
149.0,66.279,3.170,69,0,nan,nan,0.000,0.0,8.245,0.0,nan,0.0
151.0,67.169,3.213,81,0,nan,nan,0.000,0.0,7.603,0.0,nan,0.0
153.0,68.059,3.255,70,0,nan,nan,0.000,0.0,8.329,0.0,nan,0.0
155.0,68.948,3.298,70,0,nan,nan,0.000,0.0,8.298,0.0,nan,0.0
157.0,69.838,3.340,68,0,nan,nan,0.000,0.0,8.423,0.0,nan,0.0
159.0,70.728,3.383,77,0,nan,nan,0.000,0.0,7.860,0.0,nan,0.0
161.0,71.617,3.425,65,0,nan,nan,0.000,0.0,8.482,0.0,nan,0.0
163.0,72.507,3.468,63,0,nan,nan,0.000,0.0,8.892,0.0,nan,0.0
165.0,73.396,3.510,76,0,nan,nan,0.000,0.0,7.849,0.0,nan,0.0
167.0,74.286,3.553,66,0,nan,nan,0.000,0.0,8.543,0.0,nan,0.0
169.0,75.176,3.596,65,0,nan,nan,0.000,0.0,8.471,0.0,nan,0.0
171.0,76.065,3.638,66,0,nan,nan,0.000,0.0,8.582,0.0,nan,0.0
173.0,76.955,3.681,67,0,nan,nan,0.000,0.0,8.348,0.0,nan,0.0
175.0,77.845,3.723,64,0,nan,nan,0.000,0.0,8.718,0.0,nan,0.0
177.0,78.734,3.766,60,0,nan,nan,0.000,0.0,8.909,0.0,nan,0.0
179.0,79.624,3.808,71,0,nan,nan,0.000,0.0,8.403,0.0,nan,0.0
181.0,80.514,3.851,55,0,nan,nan,0.000,0.0,9.133,0.0,nan,0.0
183.0,81.403,3.893,66,0,nan,nan,0.000,0.0,8.520,0.0,nan,0.0
185.0,82.293,3.936,63,0,nan,nan,0.000,0.0,8.847,0.0,nan,0.0
187.0,83.183,3.979,64,0,nan,nan,0.000,0.0,8.662,0.0,nan,0.0
189.0,84.072,4.021,55,0,nan,nan,0.000,0.0,9.349,0.0,nan,0.0
191.0,84.962,4.064,58,0,nan,nan,0.000,0.0,8.976,0.0,nan,0.0
193.0,85.852,4.106,68,0,nan,nan,0.000,0.0,8.737,0.0,nan,0.0
195.0,86.741,4.149,51,0,nan,nan,0.000,0.0,9.536,0.0,nan,0.0
197.0,87.631,4.191,60,0,nan,nan,0.000,0.0,8.983,0.0,nan,0.0
199.0,88.521,4.234,59,0,nan,nan,0.000,0.0,9.115,0.0,nan,0.0
201.0,89.410,4.276,64,0,nan,nan,0.000,0.0,8.954,0.0,nan,0.0
203.0,90.300,4.319,52,0,nan,nan,0.000,0.0,9.602,0.0,nan,0.0
205.0,91.190,4.361,51,0,nan,nan,0.000,0.0,9.625,0.0,nan,0.0
207.0,92.079,4.404,62,0,nan,nan,0.000,0.0,9.167,0.0,nan,0.0
209.0,92.969,4.447,50,0,nan,nan,0.000,0.0,9.811,0.0,nan,0.0
211.0,93.859,4.489,59,0,nan,nan,0.000,0.0,9.429,0.0,nan,0.0
213.0,94.748,4.532,53,0,nan,nan,0.000,0.0,9.528,0.0,nan,0.0
215.0,95.638,4.574,55,0,nan,nan,0.000,0.0,9.936,0.0,nan,0.0
217.0,96.528,4.617,53,0,nan,nan,0.000,0.0,9.612,0.0,nan,0.0
219.0,97.417,4.659,50,0,nan,nan,0.000,0.0,9.874,0.0,nan,0.0
221.0,98.307,4.702,55,0,nan,nan,0.000,0.0,9.867,0.0,nan,0.0
223.0,99.196,4.744,49,0,nan,nan,0.000,0.0,10.163,0.0,nan,0.0
225.0,100.086,4.787,50,0,nan,nan,0.000,0.0,10.131,0.0,nan,0.0
227.0,100.976,4.830,54,0,nan,nan,0.000,0.0,9.856,0.0,nan,0.0
229.0,101.865,4.872,52,0,nan,nan,0.000,0.0,10.232,0.0,nan,0.0
231.0,102.755,4.915,45,0,nan,nan,0.000,0.0,10.704,0.0,nan,0.0
233.0,103.645,4.957,49,0,nan,nan,0.000,0.0,10.375,0.0,nan,0.0
235.0,104.534,5.000,52,0,nan,nan,0.000,0.0,10.233,0.0,nan,0.0
237.0,105.424,5.042,46,0,nan,nan,0.000,0.0,10.888,0.0,nan,0.0
239.0,106.314,5.085,46,0,nan,nan,0.000,0.0,10.736,0.0,nan,0.0
241.0,107.203,5.127,48,0,nan,nan,0.000,0.0,10.801,0.0,nan,0.0
243.0,108.093,5.170,44,0,nan,nan,0.000,0.0,11.030,0.0,nan,0.0
245.0,108.983,5.212,48,0,nan,nan,0.000,0.0,10.923,0.0,nan,0.0
247.0,109.872,5.255,45,0,nan,nan,0.000,0.0,11.145,0.0,nan,0.0
249.0,110.762,5.298,45,0,nan,nan,0.000,0.0,11.210,0.0,nan,0.0
251.0,111.652,5.340,46,0,nan,nan,0.000,0.0,11.158,0.0,nan,0.0
253.0,112.541,5.383,44,0,nan,nan,0.000,0.0,11.409,0.0,nan,0.0
255.0,113.431,5.425,44,0,nan,nan,0.000,0.0,11.743,0.0,nan,0.0
257.0,114.321,5.468,39,0,nan,nan,0.000,0.0,12.165,0.0,nan,0.0
259.0,115.210,5.510,46,0,nan,nan,0.000,0.0,11.372,0.0,nan,0.0
261.0,116.100,5.553,44,0,nan,nan,0.000,0.0,11.871,0.0,nan,0.0
263.0,116.990,5.595,38,0,nan,nan,0.000,0.0,12.656,0.0,nan,0.0
265.0,117.879,5.638,40,0,nan,nan,0.000,0.0,12.188,0.0,nan,0.0
267.0,118.769,5.681,43,0,nan,nan,0.000,0.0,12.172,0.0,nan,0.0
269.0,119.659,5.723,38,0,nan,nan,0.000,0.0,12.901,0.0,nan,0.0
271.0,120.548,5.766,40,0,nan,nan,0.000,0.0,12.585,0.0,nan,0.0
273.0,121.438,5.808,39,0,nan,nan,0.000,0.0,12.899,0.0,nan,0.0
275.0,122.327,5.851,39,0,nan,nan,0.000,0.0,13.222,0.0,nan,0.0
277.0,123.217,5.893,39,0,nan,nan,0.000,0.0,13.374,0.0,nan,0.0
279.0,124.107,5.936,37,0,nan,nan,0.000,0.0,13.409,0.0,nan,0.0
281.0,124.996,5.978,38,0,nan,nan,0.000,0.0,13.507,0.0,nan,0.0
283.0,125.886,6.021,33,0,nan,nan,0.000,0.0,14.905,0.0,nan,0.0
285.0,126.776,6.064,39,0,nan,nan,0.000,0.0,13.816,0.0,nan,0.0
287.0,127.665,6.106,36,0,nan,nan,0.000,0.0,14.175,0.0,nan,0.0
289.0,128.555,6.149,34,0,nan,nan,0.000,0.0,14.964,0.0,nan,0.0
291.0,129.445,6.191,34,0,nan,nan,0.000,0.0,14.941,0.0,nan,0.0
293.0,130.334,6.234,35,0,nan,nan,0.000,0.0,15.655,0.0,nan,0.0
295.0,131.224,6.276,34,0,nan,nan,0.000,0.0,15.477,0.0,nan,0.0
297.0,132.114,6.319,32,0,nan,nan,0.000,0.0,16.101,0.0,nan,0.0
299.0,133.003,6.361,33,0,nan,nan,0.000,0.0,15.982,0.0,nan,0.0
301.0,133.893,6.404,32,0,nan,nan,0.000,0.0,16.995,0.0,nan,0.0
303.0,134.783,6.446,33,0,nan,nan,0.000,0.0,17.090,0.0,nan,0.0
305.0,135.672,6.489,31,0,nan,nan,0.000,0.0,18.063,0.0,nan,0.0
307.0,136.562,6.532,30,0,nan,nan,0.000,0.0,18.069,0.0,nan,0.0
309.0,137.452,6.574,29,0,nan,nan,0.000,0.0,19.665,0.0,nan,0.0
311.0,138.341,6.617,33,0,nan,nan,0.000,0.0,19.237,0.0,nan,0.0
313.0,139.231,6.659,28,0,nan,nan,0.000,0.0,21.704,0.0,nan,0.0
315.0,140.121,6.702,27,0,nan,nan,0.000,0.0,21.945,0.0,nan,0.0
317.0,141.010,6.744,31,0,nan,nan,0.000,0.0,22.084,0.0,nan,0.0
319.0,141.900,6.787,26,0,nan,nan,0.000,0.0,27.071,0.0,nan,0.0
321.0,142.790,6.829,28,0,nan,nan,0.000,0.0,27.387,0.0,nan,0.0
323.0,143.679,6.872,28,0,nan,nan,0.000,0.0,43.309,0.0,nan,0.0
325.0,144.569,6.915,25,0,nan,nan,0.000,0.0,61.694,0.0,nan,0.0
327.0,145.459,6.957,26,0,nan,nan,0.000,0.0,nan,0.0,nan,0.0
329.0,146.348,7.000,28,0,nan,nan,0.000,0.0,nan,0.0,nan,0.0
331.0,147.238,7.042,23,0,nan,nan,0.000,0.0,nan,0.0,nan,0.0
333.0,148.127,7.085,25,0,nan,nan,0.000,0.0,nan,0.0,nan,0.0
335.0,149.017,7.127,25,0,nan,nan,0.000,0.0,nan,0.0,nan,0.0
337.0,149.907,7.170,22,0,nan,nan,0.000,0.0,nan,0.0,nan,0.0
339.0,150.796,7.212,24,0,nan,nan,0.000,0.0,nan,0.0,nan,0.0
341.0,151.686,7.255,22,0,nan,nan,0.000,0.0,nan,0.0,nan,0.0
343.0,152.576,7.297,22,0,nan,nan,0.000,0.0,nan,0.0,nan,0.0
345.0,153.465,7.340,23,0,nan,nan,0.000,0.0,nan,0.0,nan,0.0
347.0,154.355,7.383,21,0,nan,nan,0.000,0.0,nan,0.0,nan,0.0
349.0,155.245,7.425,20,0,nan,nan,0.000,0.0,nan,0.0,nan,0.0
351.0,156.134,7.468,20,0,nan,nan,0.000,0.0,nan,0.0,nan,0.0
353.0,157.024,7.510,21,0,nan,nan,0.000,0.0,nan,0.0,nan,0.0
355.0,157.914,7.553,20,0,nan,nan,0.000,0.0,nan,0.0,nan,0.0
357.0,158.803,7.595,17,0,nan,nan,0.000,0.0,nan,0.0,nan,0.0
359.0,159.693,7.638,20,0,nan,nan,0.000,0.0,nan,0.0,nan,0.0
361.0,160.583,7.680,18,0,nan,nan,0.000,0.0,nan,0.0,nan,0.0
363.0,161.472,7.723,16,0,nan,nan,0.000,0.0,nan,0.0,nan,0.0
365.0,162.362,7.766,18,0,nan,nan,0.000,0.0,nan,0.0,nan,0.0
367.0,163.252,7.808,16,0,nan,nan,0.000,0.0,nan,0.0,nan,0.0
369.0,164.141,7.851,16,0,nan,nan,0.000,0.0,nan,0.0,nan,0.0
371.0,165.031,7.893,17,0,nan,nan,0.000,0.0,nan,0.0,nan,0.0
373.0,165.921,7.936,14,0,nan,nan,0.000,0.0,nan,0.0,nan,0.0
375.0,166.810,7.978,14,0,nan,nan,0.000,0.0,nan,0.0,nan,0.0
377.0,167.700,8.021,15,0,nan,nan,0.000,0.0,nan,0.0,nan,0.0
379.0,168.590,8.063,13,0,nan,nan,0.000,0.0,nan,0.0,nan,0.0
381.0,169.479,8.106,14,0,nan,nan,0.000,0.0,nan,0.0,nan,0.0
383.0,170.369,8.149,14,0,nan,nan,0.000,0.0,nan,0.0,nan,0.0
385.0,171.258,8.191,11,0,nan,nan,0.000,0.0,nan,0.0,nan,0.0
387.0,172.148,8.234,12,0,nan,nan,0.000,0.0,nan,0.0,nan,0.0
389.0,173.038,8.276,11,0,nan,nan,0.000,0.0,nan,0.0,nan,0.0
391.0,173.927,8.319,11,0,nan,nan,0.000,0.0,nan,0.0,nan,0.0
393.0,174.817,8.361,10,0,nan,nan,0.000,0.0,nan,0.0,nan,0.0
395.0,175.707,8.404,11,0,nan,nan,0.000,0.0,nan,0.0,nan,0.0
397.0,176.596,8.446,9,0,nan,nan,0.000,0.0,nan,0.0,nan,0.0
399.0,177.486,8.489,9,0,nan,nan,0.000,0.0,nan,0.0,nan,0.0
401.0,178.376,8.531,9,0,nan,nan,0.000,0.0,nan,0.0,nan,0.0
403.0,179.265,8.574,7,0,nan,nan,0.000,0.0,nan,0.0,nan,0.0
405.0,180.155,8.617,8,0,nan,nan,0.000,0.0,nan,0.0,nan,0.0
407.0,181.045,8.659,7,0,nan,nan,0.000,0.0,nan,0.0,nan,0.0
409.0,181.934,8.702,7,0,nan,nan,0.000,0.0,nan,0.0,nan,0.0
411.0,182.824,8.744,7,0,nan,nan,0.000,0.0,nan,0.0,nan,0.0
413.0,183.714,8.787,5,0,nan,nan,0.000,0.0,nan,0.0,nan,0.0
415.0,184.603,8.829,5,0,nan,nan,0.000,0.0,nan,0.0,nan,0.0
417.0,185.493,8.872,5,0,nan,nan,0.000,0.0,nan,0.0,nan,0.0
419.0,186.383,8.914,4,0,nan,nan,0.000,0.0,nan,0.0,nan,0.0
421.0,187.272,8.957,4,0,nan,nan,0.000,0.0,nan,0.0,nan,0.0
423.0,188.162,9.000,4,0,nan,nan,0.000,0.0,nan,0.0,nan,0.0
425.0,189.052,9.042,2,0,nan,nan,0.000,0.0,nan,0.0,nan,0.0
427.0,189.941,9.085,3,0,nan,nan,0.000,0.0,nan,0.0,nan,0.0
429.0,190.831,9.127,2,0,nan,nan,0.000,0.0,nan,0.0,nan,0.0
431.0,191.721,9.170,1,0,nan,nan,0.000,0.0,nan,0.0,nan,0.0
433.0,192.610,9.212,1,0,nan,nan,0.000,0.0,nan,0.0,nan,0.0
435.0,193.500,9.255,1,0,nan,nan,0.000,0.0,nan,0.0,nan,0.0
