# R(arcsec), vrot(km/s), vrot error
      3.17767      171.556      6.54633
      5.80532      232.368      4.71561
      7.85884      233.505      3.63882
      9.89981      217.524      2.48374
      11.9649      220.016      5.97920
      14.0598      196.137      4.55518
      16.0303      198.815      5.50665
      18.0164      191.465      3.09618
      20.0076      160.968      3.69037
      21.9659      186.858      2.28051
      24.0372      204.403      1.29957
      26.1208      215.995      1.83097
      28.0458      221.939      1.94340
      30.1418      229.003      2.22381
