# %ECSV 0.9
# ---
# datatype:
# - {name: GAL_NAME, datatype: string}
# - {name: RADIUS, unit: arcsec, datatype: float64}
# - {name: NPIX, datatype: int64, description: '# of pixels in ring'}
# - {name: SURFDENS, unit: Jy km / (arcsec2 s), datatype: float64, description: 'average intensity in ring, not corrected for inclination'}
# - {name: ERR_SD, unit: Jy km / (arcsec2 s), datatype: float64, description: standard deviation of intensity in ring}
# delimiter: ','
# schema: astropy-2.0
GAL_NAME,RADIUS,NPIX,SURFDENS,ERR_SD
ARP220,1.5,24,8.747,2.584
ARP220,4.5,73,2.208,1.551
ARP220,7.5,123,0.3192,0.3039
ARP220,10.5,148,0.08472,0.08775
ARP220,13.5,104,0.02724,0.02619
ARP220,16.5,73,0.01889,0.01337
ARP220,19.5,45,0.02107,0.0134
ARP220,22.5,29,0.03923,0.03819
IC0480,1.5,7,0.7608,0.04049
IC0480,4.5,18,0.6068,0.08374
IC0480,7.5,33,0.4369,0.09855
IC0480,10.5,46,0.2894,0.07111
IC0480,13.5,56,0.1921,0.04946
IC0480,16.5,73,0.117,0.04397
IC0480,19.5,82,0.06821,0.03932
IC0480,22.5,77,0.03807,0.02933
IC1151,1.5,6,0.04331,0.02544
IC1151,4.5,17,0.04368,0.02269
IC1151,7.5,17,0.03882,0.01791
IC1151,10.5,23,0.03595,0.01333
IC1151,13.5,22,0.03175,0.01608
IC1151,16.5,11,0.0343,0.02182
IC1151,19.5,8,0.03045,0.0162
IC1151,22.5,6,0.01478,0.01301
IC1199,1.5,13,0.247,0.06904
IC1199,4.5,36,0.1236,0.07624
IC1199,7.5,60,0.06644,0.04999
IC1199,10.5,86,0.05719,0.03467
IC1199,13.5,108,0.06364,0.02976
IC1199,16.5,132,0.05503,0.02343
IC1199,19.5,148,0.04161,0.01745
IC1199,22.5,136,0.0259,0.0129
IC1683,1.5,16,1.261,0.2541
IC1683,4.5,48,0.575,0.296
IC1683,7.5,80,0.2028,0.1352
IC1683,10.5,112,0.09554,0.05882
IC1683,13.5,109,0.05903,0.04385
IC1683,16.5,88,0.0454,0.03305
IC1683,19.5,64,0.02645,0.01925
IC1683,22.5,29,0.019,0.0125
IC2247,1.5,5,0.4757,0.05473
IC2247,4.5,18,0.3625,0.07538
IC2247,7.5,30,0.2848,0.06118
IC2247,10.5,42,0.2233,0.04923
IC2247,13.5,54,0.1679,0.04653
IC2247,16.5,65,0.1201,0.04641
IC2247,19.5,76,0.08374,0.05035
IC2247,22.5,80,0.05557,0.04413
IC2487,1.5,5,0.226,0.02492
IC2487,4.5,18,0.1623,0.04542
IC2487,7.5,28,0.1366,0.03722
IC2487,10.5,42,0.1258,0.03109
IC2487,13.5,53,0.1067,0.02923
IC2487,16.5,64,0.07713,0.0311
IC2487,19.5,68,0.0632,0.02983
IC2487,22.5,81,0.05318,0.02697
IC4566,1.5,15,0.0312,0.01818
IC4566,4.5,43,0.03932,0.01707
IC4566,7.5,71,0.03052,0.01955
IC4566,10.5,109,0.04144,0.02423
IC4566,13.5,144,0.05179,0.02324
IC4566,16.5,176,0.0501,0.02573
IC4566,19.5,198,0.04579,0.02901
IC4566,22.5,173,0.03565,0.026
NGC0447,1.5,25,0.4044,0.06028
NGC0447,4.5,74,0.1847,0.07376
NGC0447,7.5,107,0.04116,0.02596
NGC0447,10.5,53,0.01508,0.01474
NGC0447,13.5,5,0.01236,0.008012
NGC0447,16.5,0,0.0,0.0
NGC0447,19.5,0,0.0,0.0
NGC0447,22.5,29,0.01555,0.01148
NGC0477,1.5,14,0.08161,0.02882
NGC0477,4.5,40,0.06565,0.03533
NGC0477,7.5,64,0.03593,0.0258
NGC0477,10.5,69,0.02925,0.01681
NGC0477,13.5,58,0.02872,0.01811
NGC0477,16.5,43,0.03731,0.02569
NGC0477,19.5,48,0.04274,0.02862
NGC0477,22.5,52,0.04179,0.02498
NGC0496,1.5,14,0.2351,0.02757
NGC0496,4.5,47,0.1658,0.03043
NGC0496,7.5,76,0.113,0.02254
NGC0496,10.5,108,0.06506,0.02161
NGC0496,13.5,131,0.0417,0.01909
NGC0496,16.5,130,0.03022,0.0152
NGC0496,19.5,88,0.02371,0.01175
NGC0496,22.5,58,0.02086,0.01231
NGC0523,1.5,9,0.368,0.06255
NGC0523,4.5,27,0.2109,0.112
NGC0523,7.5,42,0.1234,0.09328
NGC0523,10.5,54,0.09864,0.06025
NGC0523,13.5,70,0.08036,0.0509
NGC0523,16.5,60,0.08462,0.0647
NGC0523,19.5,63,0.09128,0.08332
NGC0523,22.5,59,0.1056,0.1019
NGC0551,1.5,2,0.01482,0.003462
NGC0551,4.5,14,0.01448,0.007641
NGC0551,7.5,41,0.01671,0.01305
NGC0551,10.5,52,0.02878,0.01738
NGC0551,13.5,74,0.03737,0.02278
NGC0551,16.5,93,0.04125,0.02006
NGC0551,19.5,115,0.03592,0.01694
NGC0551,22.5,116,0.03251,0.01652
NGC1167,1.5,0,0.0,0.0
NGC1167,4.5,0,0.0,0.0
NGC1167,7.5,0,0.0,0.0
NGC1167,10.5,1,0.001805,3.088e-07
NGC1167,13.5,11,0.02349,0.012
NGC1167,16.5,14,0.02691,0.01421
NGC1167,19.5,14,0.02184,0.007479
NGC1167,22.5,17,0.007927,0.007749
NGC2253,1.5,19,0.7512,0.138
NGC2253,4.5,57,0.3105,0.159
NGC2253,7.5,94,0.1183,0.0541
NGC2253,10.5,136,0.1372,0.03447
NGC2253,13.5,171,0.1384,0.03525
NGC2253,16.5,210,0.09819,0.04395
NGC2253,19.5,248,0.06641,0.03295
NGC2253,22.5,283,0.05506,0.02821
NGC2347,1.5,18,0.2828,0.02696
NGC2347,4.5,54,0.2182,0.04058
NGC2347,7.5,91,0.1628,0.03585
NGC2347,10.5,125,0.1107,0.02759
NGC2347,13.5,163,0.07158,0.02283
NGC2347,16.5,193,0.04508,0.02171
NGC2347,19.5,195,0.02881,0.01739
NGC2347,22.5,153,0.01925,0.01208
NGC2410,1.5,9,0.201,0.021
NGC2410,4.5,27,0.1833,0.03613
NGC2410,7.5,45,0.1695,0.05619
NGC2410,10.5,62,0.1569,0.05776
NGC2410,13.5,80,0.1344,0.06139
NGC2410,16.5,93,0.102,0.06554
NGC2410,19.5,99,0.0838,0.05114
NGC2410,22.5,111,0.05819,0.03978
NGC2480,1.5,16,0.1021,0.02175
NGC2480,4.5,46,0.05132,0.02452
NGC2480,7.5,65,0.02877,0.01518
NGC2480,10.5,49,0.03961,0.0289
NGC2480,13.5,30,0.06656,0.05066
NGC2480,16.5,18,0.06987,0.03893
NGC2480,19.5,17,0.03139,0.0183
NGC2480,22.5,12,0.01301,0.00774
NGC2487,1.5,24,0.4131,0.0743
NGC2487,4.5,71,0.1322,0.07854
NGC2487,7.5,75,0.02953,0.02254
NGC2487,10.5,44,0.02295,0.01903
NGC2487,13.5,21,0.03361,0.01194
NGC2487,16.5,22,0.02459,0.01134
NGC2487,19.5,36,0.02645,0.01008
NGC2487,22.5,55,0.02915,0.01546
NGC2623,1.5,19,2.534,0.6023
NGC2623,4.5,59,0.8284,0.5436
NGC2623,7.5,95,0.1619,0.1648
NGC2623,10.5,107,0.04195,0.04881
NGC2623,13.5,65,0.02211,0.02682
NGC2623,16.5,27,0.01963,0.01815
NGC2623,19.5,16,0.0226,0.01378
NGC2623,22.5,9,0.01725,0.009237
NGC2639,1.5,18,0.03715,0.01018
NGC2639,4.5,55,0.04745,0.02252
NGC2639,7.5,92,0.1009,0.03543
NGC2639,10.5,128,0.1385,0.04386
NGC2639,13.5,164,0.1241,0.05601
NGC2639,16.5,197,0.09408,0.05668
NGC2639,19.5,204,0.05816,0.03906
NGC2639,22.5,173,0.03846,0.02382
NGC2730,1.5,12,0.01679,0.004799
NGC2730,4.5,21,0.01364,0.004041
NGC2730,7.5,42,0.02088,0.009092
NGC2730,10.5,87,0.02504,0.01366
NGC2730,13.5,83,0.02704,0.01526
NGC2730,16.5,88,0.02149,0.01271
NGC2730,19.5,92,0.01948,0.01104
NGC2730,22.5,62,0.01614,0.008072
NGC2906,1.5,15,0.2111,0.0383
NGC2906,4.5,47,0.1221,0.0609
NGC2906,7.5,72,0.07613,0.04249
NGC2906,10.5,103,0.0784,0.03254
NGC2906,13.5,126,0.09137,0.03736
NGC2906,16.5,157,0.08904,0.03133
NGC2906,19.5,183,0.06995,0.0271
NGC2906,22.5,206,0.04993,0.0225
NGC2916,1.5,0,0.0,0.0
NGC2916,4.5,0,0.0,0.0
NGC2916,7.5,0,0.0,0.0
NGC2916,10.5,6,0.009722,0.007727
NGC2916,13.5,29,0.01856,0.007403
NGC2916,16.5,47,0.02791,0.01073
NGC2916,19.5,71,0.03288,0.01658
NGC2916,22.5,91,0.03805,0.01856
NGC3381,1.5,24,0.1074,0.03135
NGC3381,4.5,53,0.05822,0.03618
NGC3381,7.5,34,0.03421,0.02627
NGC3381,10.5,22,0.04616,0.02963
NGC3381,13.5,30,0.03279,0.01859
NGC3381,16.5,45,0.03101,0.007778
NGC3381,19.5,40,0.03224,0.01146
NGC3381,22.5,33,0.03439,0.01212
NGC3811,1.5,22,0.7464,0.1168
NGC3811,4.5,65,0.3445,0.14
NGC3811,7.5,107,0.09678,0.06049
NGC3811,10.5,125,0.03569,0.02102
NGC3811,13.5,125,0.0296,0.01923
NGC3811,16.5,171,0.03715,0.02235
NGC3811,19.5,202,0.05264,0.02619
NGC3811,22.5,225,0.03817,0.02308
NGC3815,1.5,13,0.0895,0.01366
NGC3815,4.5,43,0.1013,0.02071
NGC3815,7.5,69,0.1177,0.03052
NGC3815,10.5,100,0.1113,0.03442
NGC3815,13.5,126,0.07817,0.03817
NGC3815,16.5,121,0.03512,0.02613
NGC3815,19.5,41,0.02868,0.02041
NGC3815,22.5,18,0.03157,0.01699
NGC3994,1.5,14,0.4295,0.03042
NGC3994,4.5,42,0.3643,0.04757
NGC3994,7.5,72,0.2727,0.06715
NGC3994,10.5,100,0.1478,0.05366
NGC3994,13.5,121,0.05259,0.03037
NGC3994,16.5,80,0.02504,0.01275
NGC3994,19.5,43,0.01881,0.008016
NGC3994,22.5,28,0.01869,0.005019
NGC4047,1.5,21,0.5106,0.05591
NGC4047,4.5,62,0.4001,0.05346
NGC4047,7.5,105,0.352,0.05631
NGC4047,10.5,146,0.2522,0.04442
NGC4047,13.5,189,0.1662,0.04509
NGC4047,16.5,228,0.1154,0.04529
NGC4047,19.5,269,0.06177,0.03305
NGC4047,22.5,251,0.03722,0.01871
NGC4149,1.5,11,0.9825,0.09186
NGC4149,4.5,33,0.6462,0.1413
NGC4149,7.5,58,0.3376,0.1588
NGC4149,10.5,76,0.1722,0.1302
NGC4149,13.5,87,0.08628,0.09009
NGC4149,16.5,73,0.06239,0.05958
NGC4149,19.5,58,0.03653,0.02991
NGC4149,22.5,30,0.01405,0.007316
NGC4185,1.5,0,0.0,0.0
NGC4185,4.5,5,0.0388,0.01462
NGC4185,7.5,32,0.04612,0.02388
NGC4185,10.5,60,0.04292,0.02365
NGC4185,13.5,73,0.03142,0.01721
NGC4185,16.5,78,0.03594,0.02148
NGC4185,19.5,84,0.03855,0.01916
NGC4185,22.5,51,0.03475,0.01838
NGC4210,1.5,0,0.0,0.0
NGC4210,4.5,1,0.01168,1.897e-06
NGC4210,7.5,16,0.02,0.01437
NGC4210,10.5,91,0.04633,0.02202
NGC4210,13.5,145,0.04466,0.02197
NGC4210,16.5,176,0.04427,0.0209
NGC4210,19.5,185,0.03728,0.01707
NGC4210,22.5,155,0.0301,0.02063
NGC4211NED02,1.5,24,0.4395,0.1254
NGC4211NED02,4.5,72,0.09517,0.07447
NGC4211NED02,7.5,69,0.01893,0.01388
NGC4211NED02,10.5,18,0.008626,0.009367
NGC4211NED02,13.5,1,0.0002212,0.005267
NGC4211NED02,16.5,0,0.0,0.0
NGC4211NED02,19.5,0,0.0,0.0
NGC4211NED02,22.5,0,0.0,0.0
NGC4470,1.5,20,0.03201,0.006296
NGC4470,4.5,57,0.03827,0.01299
NGC4470,7.5,96,0.04954,0.02048
NGC4470,10.5,116,0.04229,0.01935
NGC4470,13.5,110,0.04538,0.02538
NGC4470,16.5,116,0.05033,0.02534
NGC4470,19.5,112,0.03882,0.0205
NGC4470,22.5,97,0.02788,0.01392
NGC4644,1.5,8,0.04601,0.007475
NGC4644,4.5,25,0.04876,0.0108
NGC4644,7.5,41,0.05746,0.01742
NGC4644,10.5,57,0.05733,0.02002
NGC4644,13.5,70,0.05455,0.02485
NGC4644,16.5,81,0.04834,0.02937
NGC4644,19.5,79,0.04563,0.03104
NGC4644,22.5,66,0.04466,0.02992
NGC4676A,1.5,18,1.141,0.1841
NGC4676A,4.5,55,0.6199,0.2542
NGC4676A,7.5,90,0.1949,0.1657
NGC4676A,10.5,101,0.03618,0.0413
NGC4676A,13.5,43,0.01203,0.007942
NGC4676A,16.5,14,0.01092,0.00503
NGC4676A,19.5,2,0.01008,0.001555
NGC4676A,22.5,0,0.0,0.0
NGC4711,1.5,15,0.09227,0.02631
NGC4711,4.5,44,0.07606,0.02412
NGC4711,7.5,72,0.06266,0.02088
NGC4711,10.5,95,0.05459,0.01884
NGC4711,13.5,122,0.05579,0.02061
NGC4711,16.5,143,0.04866,0.02263
NGC4711,19.5,148,0.03834,0.0202
NGC4711,22.5,113,0.02705,0.01249
NGC4961,1.5,19,0.09165,0.02581
NGC4961,4.5,53,0.07147,0.03056
NGC4961,7.5,91,0.05916,0.0237
NGC4961,10.5,120,0.04766,0.02143
NGC4961,13.5,115,0.04077,0.01999
NGC4961,16.5,74,0.02341,0.011
NGC4961,19.5,24,0.01986,0.01266
NGC4961,22.5,23,0.0206,0.01336
NGC5000,1.5,26,0.6681,0.2231
NGC5000,4.5,71,0.1504,0.1218
NGC5000,7.5,48,0.02143,0.01498
NGC5000,10.5,45,0.0193,0.01381
NGC5000,13.5,89,0.02883,0.02235
NGC5000,16.5,126,0.03855,0.01667
NGC5000,19.5,137,0.02806,0.01729
NGC5000,22.5,78,0.01882,0.01141
NGC5016,1.5,22,0.1558,0.01784
NGC5016,4.5,65,0.1096,0.01626
NGC5016,7.5,108,0.09626,0.02286
NGC5016,10.5,150,0.08136,0.02057
NGC5016,13.5,195,0.06196,0.01995
NGC5016,16.5,227,0.04234,0.02035
NGC5016,19.5,216,0.02656,0.01268
NGC5016,22.5,137,0.02216,0.009939
NGC5056,1.5,13,0.2397,0.05961
NGC5056,4.5,41,0.1279,0.07123
NGC5056,7.5,67,0.07902,0.03832
NGC5056,10.5,95,0.0608,0.01537
NGC5056,13.5,122,0.04539,0.01266
NGC5056,16.5,143,0.03573,0.0131
NGC5056,19.5,163,0.02834,0.01249
NGC5056,22.5,170,0.02035,0.01064
NGC5205,1.5,0,0.0,0.0
NGC5205,4.5,0,0.0,0.0
NGC5205,7.5,0,0.0,0.0
NGC5205,10.5,1,0.01418,0.002851
NGC5205,13.5,12,0.03014,0.02153
NGC5205,16.5,33,0.05031,0.03323
NGC5205,19.5,35,0.07444,0.03061
NGC5205,22.5,43,0.04536,0.02567
NGC5218,1.5,24,5.248,1.282
NGC5218,4.5,73,1.735,1.047
NGC5218,7.5,121,0.3832,0.2982
NGC5218,10.5,161,0.1793,0.1304
NGC5218,13.5,194,0.07909,0.06456
NGC5218,16.5,173,0.07949,0.07939
NGC5218,19.5,150,0.09318,0.1035
NGC5218,22.5,123,0.09591,0.1013
NGC5394,1.5,10,2.164,0.3045
NGC5394,4.5,27,1.328,0.5542
NGC5394,7.5,49,0.7088,0.5287
NGC5394,10.5,58,0.4337,0.4106
NGC5394,13.5,52,0.343,0.3167
NGC5394,16.5,46,0.2791,0.2452
NGC5394,19.5,48,0.2005,0.1955
NGC5394,22.5,39,0.1461,0.1532
NGC5406,1.5,0,0.0,0.0
NGC5406,4.5,0,0.0,0.0
NGC5406,7.5,0,0.01285,2.598e-06
NGC5406,10.5,12,0.01793,0.01245
NGC5406,13.5,49,0.02983,0.02245
NGC5406,16.5,61,0.03606,0.02604
NGC5406,19.5,69,0.0444,0.02502
NGC5406,22.5,72,0.04003,0.02329
NGC5480,1.5,20,0.4057,0.09301
NGC5480,4.5,63,0.2347,0.1004
NGC5480,7.5,106,0.1492,0.06495
NGC5480,10.5,146,0.1208,0.05214
NGC5480,13.5,191,0.09396,0.05199
NGC5480,16.5,230,0.07627,0.04259
NGC5480,19.5,257,0.06253,0.03281
NGC5480,22.5,269,0.04579,0.02196
NGC5520,1.5,15,0.3267,0.03934
NGC5520,4.5,43,0.2858,0.0502
NGC5520,7.5,71,0.1961,0.04353
NGC5520,10.5,102,0.1107,0.03288
NGC5520,13.5,127,0.06551,0.02495
NGC5520,16.5,142,0.04441,0.02403
NGC5520,19.5,110,0.03064,0.01774
NGC5520,22.5,40,0.02033,0.01512
NGC5614,1.5,23,0.8017,0.1202
NGC5614,4.5,69,0.5063,0.1384
NGC5614,7.5,114,0.3826,0.1389
NGC5614,10.5,158,0.3242,0.1869
NGC5614,13.5,206,0.1694,0.1266
NGC5614,16.5,242,0.05087,0.03173
NGC5614,19.5,156,0.03577,0.03303
NGC5614,22.5,83,0.06242,0.04836
NGC5633,1.5,20,0.2893,0.0403
NGC5633,4.5,64,0.2189,0.03304
NGC5633,7.5,104,0.2,0.03081
NGC5633,10.5,148,0.1783,0.03487
NGC5633,13.5,189,0.1473,0.04739
NGC5633,16.5,224,0.08886,0.04849
NGC5633,19.5,211,0.04675,0.02538
NGC5633,22.5,156,0.03297,0.01758
NGC5657,1.5,9,0.4738,0.1033
NGC5657,4.5,32,0.2321,0.1598
NGC5657,7.5,42,0.1039,0.1122
NGC5657,10.5,33,0.06988,0.06628
NGC5657,13.5,21,0.05654,0.04079
NGC5657,16.5,14,0.04474,0.02658
NGC5657,19.5,10,0.02369,0.01035
NGC5657,22.5,5,0.01444,0.008144
NGC5784,1.5,18,0.03386,0.01322
NGC5784,4.5,51,0.05713,0.03563
NGC5784,7.5,82,0.06911,0.04314
NGC5784,10.5,100,0.03937,0.02625
NGC5784,13.5,73,0.02326,0.01516
NGC5784,16.5,42,0.01663,0.007302
NGC5784,19.5,22,0.01814,0.01017
NGC5784,22.5,7,0.01581,0.01343
NGC5908,1.5,6,0.5292,0.01121
NGC5908,4.5,19,0.5407,0.0202
NGC5908,7.5,32,0.5614,0.04012
NGC5908,10.5,44,0.612,0.1033
NGC5908,13.5,57,0.6398,0.1502
NGC5908,16.5,69,0.6179,0.1696
NGC5908,19.5,82,0.5134,0.1562
NGC5908,22.5,94,0.3992,0.1455
NGC5930,1.5,20,2.279,0.3938
NGC5930,4.5,59,0.95,0.4632
NGC5930,7.5,99,0.2227,0.1856
NGC5930,10.5,106,0.06676,0.05733
NGC5930,13.5,77,0.03197,0.0241
NGC5930,16.5,24,0.01806,0.01553
NGC5930,19.5,1,0.004472,0.002099
NGC5930,22.5,0,0.0,0.0
NGC5934,1.5,16,0.7955,0.07874
NGC5934,4.5,49,0.5535,0.1558
NGC5934,7.5,81,0.3022,0.1849
NGC5934,10.5,110,0.1324,0.134
NGC5934,13.5,108,0.07564,0.07824
NGC5934,16.5,89,0.04532,0.03873
NGC5934,19.5,65,0.01994,0.01486
NGC5934,22.5,28,0.01495,0.00724
NGC5947,1.5,0,0.0,0.0
NGC5947,4.5,8,0.008999,0.008945
NGC5947,7.5,53,0.01824,0.011
NGC5947,10.5,88,0.02718,0.01388
NGC5947,13.5,115,0.02494,0.01111
NGC5947,16.5,114,0.01575,0.007673
NGC5947,19.5,61,0.01295,0.005879
NGC5947,22.5,18,0.009603,0.004996
NGC5953,1.5,25,1.211,0.08676
NGC5953,4.5,76,0.9938,0.1307
NGC5953,7.5,128,0.5816,0.1714
NGC5953,10.5,175,0.1993,0.1157
NGC5953,13.5,160,0.04936,0.04287
NGC5953,16.5,57,0.02978,0.01741
NGC5953,19.5,37,0.03098,0.01813
NGC5953,22.5,27,0.0448,0.0188
NGC5980,1.5,11,0.6104,0.09609
NGC5980,4.5,34,0.3869,0.1148
NGC5980,7.5,57,0.2732,0.08723
NGC5980,10.5,79,0.2177,0.09775
NGC5980,13.5,103,0.172,0.08206
NGC5980,16.5,125,0.1377,0.06305
NGC5980,19.5,148,0.1025,0.05132
NGC5980,22.5,169,0.06849,0.03466
NGC6004,1.5,22,0.3056,0.08658
NGC6004,4.5,62,0.108,0.08334
NGC6004,7.5,89,0.0515,0.04646
NGC6004,10.5,144,0.04356,0.03534
NGC6004,13.5,203,0.05477,0.03547
NGC6004,16.5,247,0.05069,0.02737
NGC6004,19.5,210,0.03209,0.02054
NGC6004,22.5,129,0.02434,0.01234
NGC6060,1.5,11,0.233,0.01634
NGC6060,4.5,37,0.2498,0.03928
NGC6060,7.5,62,0.205,0.05165
NGC6060,10.5,85,0.122,0.05641
NGC6060,13.5,112,0.07329,0.05079
NGC6060,16.5,130,0.06221,0.03911
NGC6060,19.5,155,0.06369,0.03358
NGC6060,22.5,174,0.0645,0.02877
NGC6155,1.5,20,0.1529,0.01712
NGC6155,4.5,60,0.1243,0.02875
NGC6155,7.5,100,0.08808,0.02942
NGC6155,10.5,142,0.07612,0.02946
NGC6155,13.5,180,0.07214,0.02526
NGC6155,16.5,220,0.0555,0.02624
NGC6155,19.5,252,0.04232,0.02554
NGC6155,22.5,240,0.03336,0.02136
NGC6168,1.5,7,0.06735,0.01427
NGC6168,4.5,19,0.07748,0.0163
NGC6168,7.5,32,0.07178,0.02053
NGC6168,10.5,46,0.0677,0.02145
NGC6168,13.5,53,0.05037,0.02176
NGC6168,16.5,56,0.04886,0.02717
NGC6168,19.5,58,0.04651,0.0282
NGC6168,22.5,56,0.03589,0.02514
NGC6186,1.5,8,1.435,0.1736
NGC6186,4.5,27,0.9493,0.4162
NGC6186,7.5,45,0.5116,0.4564
NGC6186,10.5,46,0.3837,0.394
NGC6186,13.5,45,0.3001,0.2818
NGC6186,16.5,48,0.206,0.1805
NGC6186,19.5,51,0.1514,0.1122
NGC6186,22.5,55,0.1224,0.09815
NGC6301,1.5,13,0.04067,0.02003
NGC6301,4.5,33,0.04154,0.02597
NGC6301,7.5,61,0.0391,0.01751
NGC6301,10.5,107,0.04324,0.01806
NGC6301,13.5,133,0.0493,0.01855
NGC6301,16.5,161,0.04787,0.01953
NGC6301,19.5,186,0.04412,0.01958
NGC6301,22.5,198,0.03493,0.01616
NGC6314,1.5,16,0.4151,0.08098
NGC6314,4.5,44,0.2348,0.07481
NGC6314,7.5,74,0.09315,0.04017
NGC6314,10.5,90,0.03324,0.01921
NGC6314,13.5,68,0.01885,0.01061
NGC6314,16.5,46,0.02118,0.01276
NGC6314,19.5,34,0.01903,0.01203
NGC6314,22.5,14,0.01009,0.003903
NGC6361,1.5,7,1.606,0.08678
NGC6361,4.5,21,1.289,0.2606
NGC6361,7.5,36,0.908,0.3398
NGC6361,10.5,52,0.6518,0.3265
NGC6361,13.5,64,0.4859,0.304
NGC6361,16.5,82,0.3479,0.2904
NGC6361,19.5,89,0.2898,0.276
NGC6361,22.5,87,0.2764,0.2685
NGC6394,1.5,14,0.1736,0.02462
NGC6394,4.5,42,0.1086,0.03609
NGC6394,7.5,69,0.06811,0.03562
NGC6394,10.5,78,0.05203,0.03668
NGC6394,13.5,80,0.05696,0.05055
NGC6394,16.5,67,0.07254,0.06025
NGC6394,19.5,59,0.0708,0.05814
NGC6394,22.5,56,0.0437,0.03937
NGC6478,1.5,8,0.3613,0.0269
NGC6478,4.5,24,0.369,0.031
NGC6478,7.5,40,0.3003,0.07506
NGC6478,10.5,56,0.2525,0.0813
NGC6478,13.5,72,0.2443,0.07129
NGC6478,16.5,88,0.2176,0.06979
NGC6478,19.5,105,0.1776,0.06243
NGC6478,22.5,122,0.1264,0.05905
NGC7738,1.5,11,2.082,0.3596
NGC7738,4.5,35,1.091,0.4743
NGC7738,7.5,58,0.379,0.269
NGC7738,10.5,81,0.1059,0.09132
NGC7738,13.5,79,0.03888,0.02754
NGC7738,16.5,62,0.02531,0.02308
NGC7738,19.5,44,0.01975,0.01602
NGC7738,22.5,9,0.009552,0.003063
NGC7819,1.5,16,0.4201,0.07636
NGC7819,4.5,51,0.198,0.1116
NGC7819,7.5,62,0.09162,0.08462
NGC7819,10.5,59,0.05648,0.04818
NGC7819,13.5,48,0.03323,0.02321
NGC7819,16.5,26,0.02427,0.01586
NGC7819,19.5,15,0.02597,0.01243
NGC7819,22.5,13,0.02442,0.01161
UGC00809,1.5,0,0.0,0.0
UGC00809,4.5,0,0.0,0.0
UGC00809,7.5,0,0.0,0.0
UGC00809,10.5,0,0.0,0.0
UGC00809,13.5,0,0.0,0.0
UGC00809,16.5,0,0.0,0.0
UGC00809,19.5,0,0.0,0.0
UGC00809,22.5,0,0.0,0.0
UGC03253,1.5,14,0.1471,0.03273
UGC03253,4.5,41,0.07227,0.0522
UGC03253,7.5,44,0.04034,0.03531
UGC03253,10.5,39,0.02857,0.02003
UGC03253,13.5,34,0.02441,0.01484
UGC03253,16.5,27,0.01986,0.0134
UGC03253,19.5,18,0.01498,0.006423
UGC03253,22.5,14,0.01345,0.004727
UGC03539,1.5,8,0.382,0.03563
UGC03539,4.5,26,0.3074,0.06143
UGC03539,7.5,43,0.2228,0.08033
UGC03539,10.5,59,0.1547,0.09179
UGC03539,13.5,74,0.1039,0.09046
UGC03539,16.5,74,0.07747,0.07869
UGC03539,19.5,62,0.06436,0.05695
UGC03539,22.5,47,0.05231,0.03525
UGC03969,1.5,9,0.2245,0.02075
UGC03969,4.5,28,0.201,0.02245
UGC03969,7.5,48,0.1522,0.03112
UGC03969,10.5,67,0.1092,0.04803
UGC03969,13.5,85,0.07627,0.04334
UGC03969,16.5,100,0.04903,0.02971
UGC03969,19.5,98,0.0328,0.0209
UGC03969,22.5,81,0.02259,0.01525
UGC03973,1.5,22,0.119,0.04616
UGC03973,4.5,64,0.08175,0.04604
UGC03973,7.5,106,0.04845,0.0383
UGC03973,10.5,132,0.03625,0.02396
UGC03973,13.5,141,0.03009,0.01921
UGC03973,16.5,98,0.03567,0.02333
UGC03973,19.5,91,0.03512,0.02478
UGC03973,22.5,57,0.03709,0.02466
UGC04029,1.5,5,0.5756,0.08095
UGC04029,4.5,18,0.3591,0.1661
UGC04029,7.5,29,0.2071,0.1599
UGC04029,10.5,43,0.1389,0.1133
UGC04029,13.5,53,0.1138,0.07298
UGC04029,16.5,68,0.09511,0.0532
UGC04029,19.5,78,0.07657,0.04324
UGC04029,22.5,88,0.05666,0.03344
UGC04132,1.5,9,0.8859,0.04433
UGC04132,4.5,26,0.7251,0.09788
UGC04132,7.5,43,0.5409,0.1032
UGC04132,10.5,61,0.4154,0.08561
UGC04132,13.5,77,0.2983,0.07768
UGC04132,16.5,95,0.2203,0.06238
UGC04132,19.5,115,0.172,0.05064
UGC04132,22.5,131,0.1242,0.04295
UGC04280,1.5,8,0.2516,0.05476
UGC04280,4.5,24,0.1395,0.0719
UGC04280,7.5,31,0.0908,0.05125
UGC04280,10.5,38,0.0496,0.02681
UGC04280,13.5,27,0.03307,0.017
UGC04280,16.5,17,0.02061,0.01096
UGC04280,19.5,13,0.01515,0.0062
UGC04280,22.5,11,0.011,0.009823
UGC04461,1.5,9,0.3751,0.0642
UGC04461,4.5,28,0.2337,0.09176
UGC04461,7.5,48,0.1302,0.06937
UGC04461,10.5,67,0.07848,0.04524
UGC04461,13.5,79,0.05355,0.03393
UGC04461,16.5,73,0.03715,0.02241
UGC04461,19.5,48,0.02702,0.01569
UGC04461,22.5,38,0.01797,0.01282
UGC05108,1.5,11,0.5159,0.1159
UGC05108,4.5,34,0.2426,0.1634
UGC05108,7.5,50,0.1017,0.1053
UGC05108,10.5,53,0.05302,0.04893
UGC05108,13.5,49,0.0264,0.02052
UGC05108,16.5,22,0.01646,0.009638
UGC05108,19.5,6,0.02016,0.009888
UGC05108,22.5,4,0.01463,0.009307
UGC05111,1.5,8,0.3086,0.007818
UGC05111,4.5,24,0.2956,0.0126
UGC05111,7.5,42,0.2758,0.01891
UGC05111,10.5,56,0.2335,0.02907
UGC05111,13.5,75,0.1864,0.04074
UGC05111,16.5,92,0.1431,0.04544
UGC05111,19.5,107,0.09178,0.03881
UGC05111,22.5,121,0.05421,0.02813
UGC05359,1.5,7,0.006043,0.002459
UGC05359,4.5,21,0.01521,0.01514
UGC05359,7.5,28,0.02911,0.02286
UGC05359,10.5,34,0.03317,0.02168
UGC05359,13.5,40,0.0295,0.01696
UGC05359,16.5,47,0.02742,0.01434
UGC05359,19.5,48,0.01648,0.009909
UGC05359,22.5,30,0.01223,0.005018
UGC05598,1.5,7,0.2052,0.01769
UGC05598,4.5,21,0.1585,0.02972
UGC05598,7.5,38,0.1083,0.03658
UGC05598,10.5,50,0.06032,0.03111
UGC05598,13.5,48,0.04068,0.02266
UGC05598,16.5,42,0.03107,0.01337
UGC05598,19.5,40,0.02307,0.01216
UGC05598,22.5,29,0.02142,0.01474
UGC07012,1.5,14,0.0862,0.016
UGC07012,4.5,42,0.05296,0.01625
UGC07012,7.5,59,0.03561,0.01516
UGC07012,10.5,56,0.02993,0.01453
UGC07012,13.5,43,0.0245,0.01027
UGC07012,16.5,21,0.0161,0.007945
UGC07012,19.5,9,0.01257,0.004543
UGC07012,22.5,2,0.01914,0.001139
UGC08107,1.5,9,0.6055,0.09891
UGC08107,4.5,26,0.4368,0.1502
UGC08107,7.5,45,0.2894,0.1557
UGC08107,10.5,63,0.1913,0.1216
UGC08107,13.5,81,0.1262,0.08907
UGC08107,16.5,94,0.0851,0.06561
UGC08107,19.5,100,0.05134,0.04478
UGC08107,22.5,85,0.03427,0.02406
UGC08267,1.5,7,0.511,0.03982
UGC08267,4.5,21,0.3989,0.08873
UGC08267,7.5,36,0.2904,0.09188
UGC08267,10.5,49,0.1906,0.08201
UGC08267,13.5,61,0.1231,0.07102
UGC08267,16.5,71,0.07715,0.05115
UGC08267,19.5,57,0.05391,0.03589
UGC08267,22.5,46,0.03158,0.0262
UGC09067,1.5,12,0.2359,0.02786
UGC09067,4.5,40,0.2003,0.03426
UGC09067,7.5,65,0.1545,0.03145
UGC09067,10.5,91,0.1071,0.03405
UGC09067,13.5,116,0.05955,0.02601
UGC09067,16.5,125,0.03007,0.01598
UGC09067,19.5,83,0.01506,0.007804
UGC09067,22.5,10,0.01118,0.007289
UGC09476,1.5,15,0.04137,0.019
UGC09476,4.5,36,0.04479,0.02495
UGC09476,7.5,47,0.04307,0.02379
UGC09476,10.5,56,0.03325,0.01303
UGC09476,13.5,42,0.03289,0.01541
UGC09476,16.5,58,0.02717,0.02031
UGC09476,19.5,90,0.03054,0.01303
UGC09476,22.5,97,0.02837,0.01109
UGC09537,1.5,8,0.09035,0.02055
UGC09537,4.5,26,0.07496,0.03366
UGC09537,7.5,44,0.06779,0.03829
UGC09537,10.5,60,0.08054,0.05134
UGC09537,13.5,75,0.07096,0.04257
UGC09537,16.5,84,0.03539,0.02408
UGC09537,19.5,63,0.0207,0.01563
UGC09537,22.5,60,0.01809,0.01066
UGC09542,1.5,8,0.2075,0.04898
UGC09542,4.5,25,0.1196,0.0586
UGC09542,7.5,42,0.07484,0.03927
UGC09542,10.5,58,0.05622,0.0219
UGC09542,13.5,73,0.04444,0.02127
UGC09542,16.5,77,0.03989,0.01947
UGC09542,19.5,77,0.02996,0.01657
UGC09542,22.5,62,0.02664,0.01447
UGC09665,1.5,8,0.3646,0.03502
UGC09665,4.5,23,0.2859,0.04274
UGC09665,7.5,38,0.223,0.03852
UGC09665,10.5,55,0.1754,0.03664
UGC09665,13.5,70,0.1287,0.03939
UGC09665,16.5,84,0.08538,0.03559
UGC09665,19.5,96,0.05695,0.02989
UGC09665,22.5,91,0.04083,0.02463
UGC09759,1.5,11,0.8547,0.1124
UGC09759,4.5,33,0.4674,0.1549
UGC09759,7.5,55,0.1737,0.08474
UGC09759,10.5,76,0.06585,0.04893
UGC09759,13.5,72,0.04971,0.04066
UGC09759,16.5,60,0.04085,0.02846
UGC09759,19.5,44,0.02643,0.0176
UGC09759,22.5,30,0.01832,0.009056
UGC09873,1.5,6,0.2198,0.04303
UGC09873,4.5,21,0.1296,0.0645
UGC09873,7.5,26,0.07412,0.05884
UGC09873,10.5,21,0.05754,0.04187
UGC09873,13.5,19,0.04145,0.02834
UGC09873,16.5,17,0.0252,0.01716
UGC09873,19.5,18,0.01577,0.01143
UGC09873,22.5,14,0.01318,0.008842
UGC09892,1.5,8,0.09918,0.01668
UGC09892,4.5,26,0.07202,0.02709
UGC09892,7.5,33,0.05202,0.02271
UGC09892,10.5,43,0.04009,0.01852
UGC09892,13.5,48,0.03034,0.01363
UGC09892,16.5,52,0.0278,0.01249
UGC09892,19.5,56,0.03024,0.01799
UGC09892,22.5,44,0.02196,0.01407
UGC10043,1.5,1,0.5026,0.04902
UGC10043,4.5,3,0.4787,0.04081
UGC10043,7.5,4,0.4117,0.05138
UGC10043,10.5,7,0.3948,0.09236
UGC10043,13.5,8,0.29,0.1244
UGC10043,16.5,12,0.2721,0.1678
UGC10043,19.5,11,0.1768,0.1455
UGC10043,22.5,15,0.1979,0.158
UGC10123,1.5,9,0.5047,0.03136
UGC10123,4.5,29,0.4273,0.04378
UGC10123,7.5,49,0.3541,0.07632
UGC10123,10.5,66,0.2751,0.1014
UGC10123,13.5,87,0.1808,0.08719
UGC10123,16.5,103,0.1024,0.06622
UGC10123,19.5,107,0.0543,0.04182
UGC10123,22.5,76,0.04828,0.03506
UGC10205,1.5,17,0.2046,0.02629
UGC10205,4.5,52,0.124,0.0378
UGC10205,7.5,80,0.08111,0.0479
UGC10205,10.5,82,0.05089,0.03313
UGC10205,13.5,75,0.04181,0.02931
UGC10205,16.5,52,0.0362,0.02693
UGC10205,19.5,31,0.04962,0.03184
UGC10205,22.5,24,0.0273,0.01498
UGC10380,1.5,5,0.2816,0.0837
UGC10380,4.5,14,0.1595,0.1101
UGC10380,7.5,11,0.1209,0.09273
UGC10380,10.5,10,0.09397,0.07062
UGC10380,13.5,8,0.06866,0.03869
UGC10380,16.5,8,0.04239,0.03195
UGC10380,19.5,7,0.04126,0.02731
UGC10380,22.5,6,0.03091,0.01984
UGC10384,1.5,9,0.4942,0.03784
UGC10384,4.5,29,0.4036,0.05627
UGC10384,7.5,49,0.3152,0.07371
UGC10384,10.5,66,0.2072,0.08027
UGC10384,13.5,85,0.1063,0.06382
UGC10384,16.5,93,0.05688,0.03862
UGC10384,19.5,89,0.03352,0.02204
UGC10384,22.5,68,0.02034,0.01172
UGC10710,1.5,10,0.2783,0.02295
UGC10710,4.5,30,0.2084,0.03782
UGC10710,7.5,48,0.1219,0.04318
UGC10710,10.5,68,0.07269,0.03266
UGC10710,13.5,85,0.04221,0.02516
UGC10710,16.5,87,0.02215,0.01251
UGC10710,19.5,61,0.01826,0.01079
UGC10710,22.5,19,0.01671,0.01023
