# %ECSV 0.9
# ---
# datatype:
# - {name: GAL_NAME, datatype: string}
# - {name: RADIUS, unit: arcsec, datatype: float64}
# - {name: NPIX, datatype: int64, description: '# of pixels in ring'}
# - {name: SURFDENS, unit: Jy km / (arcsec2 s), datatype: float64, description: 'average intensity in ring, not corrected for inclination'}
# - {name: ERR_SD, unit: Jy km / (arcsec2 s), datatype: float64, description: standard deviation of intensity in ring}
# delimiter: ','
# schema: astropy-2.0
GAL_NAME,RADIUS,NPIX,SURFDENS,ERR_SD
ARP220,1.5,24,8.763,2.593
ARP220,4.5,73,2.22,1.577
ARP220,7.5,123,0.3177,0.3039
ARP220,10.5,148,0.08474,0.08763
ARP220,13.5,104,0.02728,0.02625
ARP220,16.5,73,0.01894,0.01338
ARP220,19.5,45,0.02102,0.01344
ARP220,22.5,29,0.03949,0.03825
IC0480,1.5,6,0.7555,0.04641
IC0480,4.5,20,0.6109,0.08944
IC0480,7.5,31,0.4301,0.1067
IC0480,10.5,47,0.2836,0.08537
IC0480,13.5,58,0.1782,0.06845
IC0480,16.5,70,0.1145,0.06413
IC0480,19.5,72,0.07666,0.05133
IC0480,22.5,65,0.05269,0.04033
IC1151,1.5,6,0.04331,0.02544
IC1151,4.5,17,0.04463,0.02287
IC1151,7.5,18,0.03805,0.01701
IC1151,10.5,24,0.03711,0.01283
IC1151,13.5,22,0.03013,0.01744
IC1151,16.5,9,0.03569,0.02075
IC1151,19.5,9,0.02721,0.01577
IC1151,22.5,5,0.01277,0.01067
IC1199,1.5,13,0.2455,0.07037
IC1199,4.5,36,0.1227,0.07702
IC1199,7.5,60,0.06699,0.05058
IC1199,10.5,85,0.05765,0.03414
IC1199,13.5,106,0.06393,0.02982
IC1199,16.5,133,0.0549,0.02304
IC1199,19.5,153,0.04131,0.01723
IC1199,22.5,136,0.02556,0.0125
IC1683,1.5,16,1.259,0.2525
IC1683,4.5,48,0.5736,0.2932
IC1683,7.5,82,0.2006,0.1365
IC1683,10.5,110,0.09504,0.05966
IC1683,13.5,108,0.05895,0.04508
IC1683,16.5,87,0.04698,0.03405
IC1683,19.5,61,0.02889,0.02137
IC1683,22.5,31,0.02017,0.01281
IC2247,1.5,5,0.4761,0.05423
IC2247,4.5,17,0.3659,0.07431
IC2247,7.5,30,0.2896,0.05766
IC2247,10.5,41,0.2322,0.03999
IC2247,13.5,54,0.1763,0.03198
IC2247,16.5,66,0.1283,0.03026
IC2247,19.5,78,0.08854,0.03627
IC2247,22.5,90,0.05097,0.03155
IC2487,1.5,6,0.2228,0.02659
IC2487,4.5,17,0.1636,0.04574
IC2487,7.5,29,0.1344,0.03839
IC2487,10.5,41,0.1262,0.02856
IC2487,13.5,52,0.1031,0.03164
IC2487,16.5,63,0.07641,0.03166
IC2487,19.5,67,0.06283,0.03208
IC2487,22.5,75,0.05128,0.02783
IC4566,1.5,16,0.03021,0.01735
IC4566,4.5,43,0.04047,0.01785
IC4566,7.5,70,0.03105,0.01908
IC4566,10.5,110,0.04288,0.0247
IC4566,13.5,143,0.05159,0.02371
IC4566,16.5,177,0.04855,0.02419
IC4566,19.5,194,0.04564,0.02847
IC4566,22.5,178,0.03504,0.02761
NGC0447,1.5,25,0.4044,0.06028
NGC0447,4.5,74,0.1847,0.07376
NGC0447,7.5,107,0.04121,0.02597
NGC0447,10.5,53,0.01509,0.01471
NGC0447,13.5,5,0.01236,0.008012
NGC0447,16.5,0,0.0,0.0
NGC0447,19.5,0,0.0,0.0
NGC0447,22.5,29,0.01567,0.01151
NGC0477,1.5,13,0.08215,0.0285
NGC0477,4.5,41,0.06558,0.03479
NGC0477,7.5,65,0.03593,0.02609
NGC0477,10.5,69,0.03005,0.01697
NGC0477,13.5,59,0.02787,0.01826
NGC0477,16.5,44,0.03814,0.02622
NGC0477,19.5,52,0.04146,0.02806
NGC0477,22.5,52,0.04217,0.02449
NGC0496,1.5,15,0.2337,0.02826
NGC0496,4.5,46,0.1653,0.03019
NGC0496,7.5,78,0.113,0.02279
NGC0496,10.5,106,0.06496,0.02174
NGC0496,13.5,133,0.04147,0.01927
NGC0496,16.5,127,0.03018,0.01531
NGC0496,19.5,91,0.02377,0.01207
NGC0496,22.5,59,0.02063,0.01188
NGC0523,1.5,8,0.3715,0.06237
NGC0523,4.5,27,0.2129,0.1123
NGC0523,7.5,42,0.1225,0.09398
NGC0523,10.5,54,0.09975,0.06098
NGC0523,13.5,68,0.07964,0.05092
NGC0523,16.5,61,0.08211,0.06146
NGC0523,19.5,59,0.09307,0.08226
NGC0523,22.5,59,0.1017,0.09957
NGC0551,1.5,2,0.01482,0.003462
NGC0551,4.5,14,0.01448,0.007641
NGC0551,7.5,41,0.01677,0.01303
NGC0551,10.5,53,0.02837,0.01699
NGC0551,13.5,74,0.03704,0.02272
NGC0551,16.5,94,0.04179,0.02045
NGC0551,19.5,118,0.03638,0.01663
NGC0551,22.5,115,0.0319,0.01636
NGC1167,1.5,0,0.0,0.0
NGC1167,4.5,0,0.0,0.0
NGC1167,7.5,0,0.0,0.0
NGC1167,10.5,1,0.001805,3.088e-07
NGC1167,13.5,11,0.02349,0.012
NGC1167,16.5,14,0.02697,0.01433
NGC1167,19.5,13,0.02201,0.007542
NGC1167,22.5,18,0.008608,0.008004
NGC2253,1.5,19,0.7512,0.138
NGC2253,4.5,57,0.3105,0.159
NGC2253,7.5,93,0.1183,0.05416
NGC2253,10.5,136,0.1372,0.03441
NGC2253,13.5,169,0.1385,0.03527
NGC2253,16.5,212,0.09827,0.04401
NGC2253,19.5,247,0.0662,0.03288
NGC2253,22.5,281,0.05534,0.02828
NGC2347,1.5,18,0.2828,0.02696
NGC2347,4.5,54,0.2184,0.04053
NGC2347,7.5,90,0.1631,0.03547
NGC2347,10.5,126,0.1103,0.02735
NGC2347,13.5,162,0.07152,0.02296
NGC2347,16.5,195,0.04549,0.02184
NGC2347,19.5,194,0.02883,0.01691
NGC2347,22.5,156,0.01889,0.01206
NGC2410,1.5,9,0.201,0.021
NGC2410,4.5,26,0.1808,0.03658
NGC2410,7.5,44,0.169,0.05609
NGC2410,10.5,62,0.155,0.05829
NGC2410,13.5,79,0.1313,0.06065
NGC2410,16.5,92,0.1071,0.06825
NGC2410,19.5,98,0.08879,0.05247
NGC2410,22.5,114,0.05995,0.04007
NGC2480,1.5,15,0.1022,0.022
NGC2480,4.5,48,0.05157,0.02474
NGC2480,7.5,65,0.02893,0.01529
NGC2480,10.5,49,0.03928,0.02912
NGC2480,13.5,30,0.06679,0.05045
NGC2480,16.5,19,0.06981,0.03843
NGC2480,19.5,17,0.02907,0.01773
NGC2480,22.5,11,0.01368,0.007765
NGC2487,1.5,24,0.4131,0.0743
NGC2487,4.5,71,0.1322,0.07854
NGC2487,7.5,75,0.02956,0.02251
NGC2487,10.5,44,0.023,0.01909
NGC2487,13.5,20,0.03343,0.01188
NGC2487,16.5,22,0.02459,0.01134
NGC2487,19.5,36,0.02645,0.01004
NGC2487,22.5,55,0.02889,0.01558
NGC2623,1.5,20,2.517,0.616
NGC2623,4.5,59,0.8227,0.5485
NGC2623,7.5,96,0.1639,0.1715
NGC2623,10.5,107,0.04306,0.05099
NGC2623,13.5,64,0.0223,0.0277
NGC2623,16.5,27,0.02057,0.01865
NGC2623,19.5,16,0.02262,0.01373
NGC2623,22.5,9,0.01712,0.009149
NGC2730,1.5,12,0.01679,0.004799
NGC2730,4.5,21,0.01364,0.004041
NGC2730,7.5,42,0.02075,0.008941
NGC2730,10.5,86,0.02507,0.01373
NGC2730,13.5,84,0.02702,0.01518
NGC2730,16.5,89,0.02148,0.0127
NGC2730,19.5,91,0.01949,0.01106
NGC2730,22.5,62,0.01614,0.008067
NGC2906,1.5,15,0.2115,0.03847
NGC2906,4.5,47,0.1226,0.06103
NGC2906,7.5,73,0.07677,0.04229
NGC2906,10.5,104,0.07876,0.03272
NGC2906,13.5,126,0.092,0.03708
NGC2906,16.5,158,0.08835,0.03157
NGC2906,19.5,184,0.07064,0.02658
NGC2906,22.5,204,0.04901,0.02174
NGC2916,1.5,0,0.0,0.0
NGC2916,4.5,0,0.0,0.0
NGC2916,7.5,0,0.0,0.0
NGC2916,10.5,6,0.009722,0.007727
NGC2916,13.5,29,0.01879,0.007368
NGC2916,16.5,46,0.02768,0.01099
NGC2916,19.5,73,0.03272,0.01644
NGC2916,22.5,89,0.03812,0.01871
NGC3303,1.5,14,0.2189,0.1119
NGC3303,4.5,41,0.1532,0.1369
NGC3303,7.5,63,0.09754,0.1193
NGC3303,10.5,69,0.06033,0.07109
NGC3303,13.5,50,0.03686,0.03379
NGC3303,16.5,34,0.02081,0.0134
NGC3303,19.5,23,0.01542,0.009523
NGC3303,22.5,8,0.01344,0.005645
NGC3381,1.5,24,0.1071,0.03138
NGC3381,4.5,53,0.05858,0.03648
NGC3381,7.5,34,0.03421,0.02627
NGC3381,10.5,22,0.04616,0.02963
NGC3381,13.5,31,0.03266,0.01843
NGC3381,16.5,44,0.03095,0.007756
NGC3381,19.5,40,0.03237,0.01144
NGC3381,22.5,33,0.03439,0.01212
NGC3811,1.5,21,0.7481,0.1164
NGC3811,4.5,65,0.3455,0.1402
NGC3811,7.5,107,0.09628,0.05922
NGC3811,10.5,125,0.03549,0.02094
NGC3811,13.5,124,0.02941,0.01924
NGC3811,16.5,170,0.03708,0.02219
NGC3811,19.5,203,0.05262,0.02628
NGC3811,22.5,225,0.03802,0.0231
NGC3815,1.5,14,0.08809,0.014
NGC3815,4.5,43,0.1005,0.02039
NGC3815,7.5,70,0.1178,0.03007
NGC3815,10.5,98,0.1133,0.0335
NGC3815,13.5,127,0.07863,0.03727
NGC3815,16.5,117,0.03362,0.02427
NGC3815,19.5,44,0.02941,0.02111
NGC3815,22.5,20,0.03057,0.01736
NGC3994,1.5,14,0.4295,0.03042
NGC3994,4.5,43,0.3686,0.04261
NGC3994,7.5,71,0.2717,0.06403
NGC3994,10.5,101,0.1478,0.04954
NGC3994,13.5,122,0.05079,0.02817
NGC3994,16.5,82,0.02423,0.01302
NGC3994,19.5,43,0.01885,0.007351
NGC3994,22.5,27,0.01871,0.004757
NGC4047,1.5,21,0.5119,0.05593
NGC4047,4.5,63,0.4006,0.05353
NGC4047,7.5,105,0.352,0.05629
NGC4047,10.5,146,0.252,0.0451
NGC4047,13.5,190,0.1665,0.04528
NGC4047,16.5,230,0.1153,0.04504
NGC4047,19.5,269,0.06172,0.03301
NGC4047,22.5,250,0.03676,0.01826
NGC4149,1.5,11,0.9856,0.09139
NGC4149,4.5,32,0.6533,0.1438
NGC4149,7.5,59,0.3373,0.1625
NGC4149,10.5,75,0.1709,0.1328
NGC4149,13.5,85,0.08965,0.09366
NGC4149,16.5,73,0.06447,0.06054
NGC4149,19.5,57,0.0379,0.03335
NGC4149,22.5,30,0.0166,0.009294
NGC4185,1.5,0,0.0,0.0
NGC4185,4.5,5,0.03954,0.01465
NGC4185,7.5,33,0.04545,0.02423
NGC4185,10.5,61,0.04327,0.02314
NGC4185,13.5,71,0.03083,0.01757
NGC4185,16.5,80,0.03489,0.02113
NGC4185,19.5,79,0.03982,0.01924
NGC4185,22.5,56,0.03519,0.01792
NGC4210,1.5,0,0.0,0.0
NGC4210,4.5,1,0.01168,1.897e-06
NGC4210,7.5,16,0.02005,0.01448
NGC4210,10.5,91,0.04621,0.02201
NGC4210,13.5,146,0.0445,0.02182
NGC4210,16.5,176,0.04441,0.02108
NGC4210,19.5,185,0.03727,0.01712
NGC4210,22.5,154,0.03031,0.02067
NGC4211NED02,1.5,24,0.4395,0.1254
NGC4211NED02,4.5,73,0.09492,0.07446
NGC4211NED02,7.5,69,0.01891,0.0139
NGC4211NED02,10.5,18,0.008626,0.009367
NGC4211NED02,13.5,1,0.0002212,0.005267
NGC4211NED02,16.5,0,0.0,0.0
NGC4211NED02,19.5,0,0.0,0.0
NGC4211NED02,22.5,0,0.0,0.0
NGC4470,1.5,19,0.03174,0.006259
NGC4470,4.5,58,0.03866,0.01325
NGC4470,7.5,95,0.04959,0.02041
NGC4470,10.5,114,0.04138,0.01911
NGC4470,13.5,110,0.04554,0.02491
NGC4470,16.5,115,0.05037,0.02605
NGC4470,19.5,113,0.03894,0.02081
NGC4470,22.5,95,0.02926,0.01425
NGC4644,1.5,8,0.04601,0.007475
NGC4644,4.5,25,0.04905,0.0104
NGC4644,7.5,41,0.05729,0.01765
NGC4644,10.5,57,0.05752,0.01986
NGC4644,13.5,71,0.05456,0.025
NGC4644,16.5,80,0.04839,0.02925
NGC4644,19.5,79,0.04546,0.03102
NGC4644,22.5,67,0.04484,0.02999
NGC4676A,1.5,18,1.14,0.1864
NGC4676A,4.5,55,0.6278,0.2595
NGC4676A,7.5,90,0.1943,0.1681
NGC4676A,10.5,98,0.04081,0.04973
NGC4676A,13.5,47,0.01283,0.008947
NGC4676A,16.5,15,0.01093,0.004903
NGC4676A,19.5,2,0.01008,0.001555
NGC4676A,22.5,0,0.0,0.0
NGC4711,1.5,15,0.09216,0.02652
NGC4711,4.5,44,0.07495,0.02494
NGC4711,7.5,70,0.06186,0.02186
NGC4711,10.5,95,0.05399,0.01874
NGC4711,13.5,121,0.05568,0.02127
NGC4711,16.5,145,0.05043,0.02331
NGC4711,19.5,149,0.0386,0.01837
NGC4711,22.5,121,0.02615,0.01283
NGC4961,1.5,19,0.09178,0.02567
NGC4961,4.5,54,0.0724,0.03015
NGC4961,7.5,89,0.05853,0.02366
NGC4961,10.5,120,0.04777,0.02119
NGC4961,13.5,115,0.04077,0.01976
NGC4961,16.5,75,0.0225,0.01075
NGC4961,19.5,21,0.02047,0.0132
NGC4961,22.5,25,0.02163,0.01332
NGC5000,1.5,26,0.6681,0.2231
NGC5000,4.5,71,0.1504,0.1218
NGC5000,7.5,48,0.02143,0.01498
NGC5000,10.5,45,0.0193,0.01381
NGC5000,13.5,89,0.02883,0.02235
NGC5000,16.5,126,0.03855,0.01667
NGC5000,19.5,137,0.02806,0.01729
NGC5000,22.5,78,0.01882,0.01141
NGC5016,1.5,22,0.1558,0.01784
NGC5016,4.5,65,0.1096,0.01626
NGC5016,7.5,108,0.09622,0.02289
NGC5016,10.5,150,0.08125,0.02064
NGC5016,13.5,195,0.06199,0.02002
NGC5016,16.5,227,0.04244,0.02031
NGC5016,19.5,216,0.02651,0.01268
NGC5016,22.5,137,0.02223,0.01
NGC5056,1.5,13,0.2397,0.05961
NGC5056,4.5,41,0.1279,0.07123
NGC5056,7.5,67,0.07893,0.03831
NGC5056,10.5,95,0.06086,0.01547
NGC5056,13.5,122,0.04542,0.01267
NGC5056,16.5,143,0.03571,0.01307
NGC5056,19.5,162,0.0283,0.01254
NGC5056,22.5,171,0.02036,0.01065
NGC5205,1.5,0,0.0,0.0
NGC5205,4.5,0,0.0,0.0
NGC5205,7.5,0,0.0,0.0
NGC5205,10.5,0,0.015,0.002851
NGC5205,13.5,12,0.0298,0.02185
NGC5205,16.5,32,0.0496,0.03299
NGC5205,19.5,35,0.07372,0.03125
NGC5205,22.5,39,0.04799,0.02684
NGC5218,1.5,24,5.262,1.28
NGC5218,4.5,73,1.739,1.059
NGC5218,7.5,122,0.3845,0.3041
NGC5218,10.5,160,0.1776,0.1315
NGC5218,13.5,195,0.07948,0.07047
NGC5218,16.5,166,0.07932,0.07563
NGC5218,19.5,150,0.09149,0.1015
NGC5218,22.5,118,0.09951,0.1062
NGC5394,1.5,9,2.174,0.3081
NGC5394,4.5,29,1.337,0.5618
NGC5394,7.5,47,0.7059,0.529
NGC5394,10.5,58,0.4264,0.4112
NGC5394,13.5,51,0.3489,0.308
NGC5394,16.5,46,0.2779,0.245
NGC5394,19.5,45,0.2025,0.1992
NGC5394,22.5,43,0.1456,0.1524
NGC5406,1.5,0,0.0,0.0
NGC5406,4.5,0,0.0,0.0
NGC5406,7.5,0,0.01285,2.598e-06
NGC5406,10.5,12,0.01793,0.01245
NGC5406,13.5,50,0.03067,0.02321
NGC5406,16.5,62,0.03547,0.02587
NGC5406,19.5,69,0.04451,0.02459
NGC5406,22.5,73,0.03926,0.02358
NGC5480,1.5,20,0.4057,0.09301
NGC5480,4.5,63,0.2347,0.1004
NGC5480,7.5,106,0.1492,0.06491
NGC5480,10.5,147,0.1208,0.05214
NGC5480,13.5,192,0.09376,0.052
NGC5480,16.5,229,0.07628,0.04267
NGC5480,19.5,257,0.06271,0.03282
NGC5480,22.5,269,0.04572,0.0219
NGC5520,1.5,14,0.3281,0.03803
NGC5520,4.5,42,0.2871,0.04923
NGC5520,7.5,72,0.1961,0.04384
NGC5520,10.5,102,0.1109,0.03329
NGC5520,13.5,128,0.06544,0.02507
NGC5520,16.5,140,0.04496,0.0241
NGC5520,19.5,112,0.02982,0.017
NGC5520,22.5,39,0.02058,0.01518
NGC5614,1.5,23,0.7996,0.1212
NGC5614,4.5,68,0.5066,0.1383
NGC5614,7.5,115,0.3834,0.139
NGC5614,10.5,158,0.3245,0.1866
NGC5614,13.5,206,0.1693,0.126
NGC5614,16.5,242,0.05054,0.03144
NGC5614,19.5,154,0.03593,0.03326
NGC5614,22.5,84,0.06217,0.04817
NGC5633,1.5,20,0.2894,0.04016
NGC5633,4.5,64,0.2188,0.03309
NGC5633,7.5,104,0.2003,0.03095
NGC5633,10.5,149,0.1779,0.03448
NGC5633,13.5,188,0.1463,0.04759
NGC5633,16.5,222,0.08908,0.0492
NGC5633,19.5,213,0.04696,0.02567
NGC5633,22.5,158,0.03332,0.01761
NGC5784,1.5,18,0.03442,0.01312
NGC5784,4.5,51,0.05794,0.03662
NGC5784,7.5,83,0.06875,0.04277
NGC5784,10.5,100,0.03896,0.02572
NGC5784,13.5,74,0.02302,0.0151
NGC5784,16.5,43,0.01655,0.007031
NGC5784,19.5,21,0.01823,0.01055
NGC5784,22.5,6,0.01514,0.01353
NGC5908,1.5,6,0.5278,0.01233
NGC5908,4.5,19,0.5418,0.01924
NGC5908,7.5,32,0.5617,0.0409
NGC5908,10.5,44,0.6152,0.102
NGC5908,13.5,57,0.6436,0.1485
NGC5908,16.5,70,0.6228,0.1663
NGC5908,19.5,81,0.5232,0.1513
NGC5908,22.5,96,0.4081,0.1324
NGC5930,1.5,20,2.265,0.409
NGC5930,4.5,60,0.9397,0.4684
NGC5930,7.5,97,0.2236,0.1872
NGC5930,10.5,108,0.06818,0.05836
NGC5930,13.5,77,0.0314,0.02408
NGC5930,16.5,22,0.01838,0.0156
NGC5930,19.5,1,0.005101,0.002299
NGC5930,22.5,0,0.0,0.0
NGC5934,1.5,16,0.795,0.07824
NGC5934,4.5,48,0.5619,0.1494
NGC5934,7.5,79,0.3082,0.177
NGC5934,10.5,113,0.132,0.1279
NGC5934,13.5,112,0.07166,0.07306
NGC5934,16.5,93,0.04047,0.03364
NGC5934,19.5,61,0.01734,0.01261
NGC5934,22.5,27,0.01439,0.006212
NGC5947,1.5,0,0.0,0.0
NGC5947,4.5,8,0.008269,0.008687
NGC5947,7.5,53,0.01828,0.01089
NGC5947,10.5,88,0.02736,0.01383
NGC5947,13.5,114,0.02486,0.01116
NGC5947,16.5,114,0.01595,0.007579
NGC5947,19.5,63,0.01267,0.005789
NGC5947,22.5,17,0.008993,0.005036
NGC5953,1.5,25,1.211,0.08676
NGC5953,4.5,76,0.9939,0.131
NGC5953,7.5,128,0.5824,0.1721
NGC5953,10.5,176,0.1983,0.1162
NGC5953,13.5,159,0.04969,0.04331
NGC5953,16.5,56,0.02979,0.01746
NGC5953,19.5,37,0.03075,0.01803
NGC5953,22.5,27,0.04489,0.01873
NGC5980,1.5,12,0.6098,0.09473
NGC5980,4.5,33,0.3861,0.111
NGC5980,7.5,57,0.2789,0.08544
NGC5980,10.5,78,0.2257,0.09261
NGC5980,13.5,103,0.1723,0.07817
NGC5980,16.5,126,0.1374,0.05921
NGC5980,19.5,148,0.1017,0.04857
NGC5980,22.5,168,0.06689,0.03005
NGC6004,1.5,22,0.3056,0.08658
NGC6004,4.5,62,0.1083,0.08331
NGC6004,7.5,90,0.05139,0.04636
NGC6004,10.5,143,0.0434,0.03543
NGC6004,13.5,203,0.05494,0.03539
NGC6004,16.5,246,0.05089,0.02736
NGC6004,19.5,210,0.03189,0.0203
NGC6004,22.5,130,0.02427,0.01238
NGC6060,1.5,11,0.2327,0.01626
NGC6060,4.5,37,0.249,0.03956
NGC6060,7.5,62,0.2053,0.05205
NGC6060,10.5,86,0.1221,0.05617
NGC6060,13.5,108,0.07348,0.05267
NGC6060,16.5,132,0.06433,0.03865
NGC6060,19.5,158,0.06261,0.03175
NGC6060,22.5,176,0.06415,0.02895
NGC6155,1.5,20,0.1529,0.01712
NGC6155,4.5,60,0.1244,0.0287
NGC6155,7.5,99,0.08821,0.02947
NGC6155,10.5,142,0.07575,0.0293
NGC6155,13.5,181,0.07234,0.02547
NGC6155,16.5,221,0.05572,0.02634
NGC6155,19.5,251,0.04208,0.02534
NGC6155,22.5,239,0.03303,0.02132
NGC6168,1.5,6,0.06801,0.01559
NGC6168,4.5,19,0.07737,0.0161
NGC6168,7.5,31,0.07237,0.01938
NGC6168,10.5,45,0.06769,0.0219
NGC6168,13.5,53,0.05185,0.02191
NGC6168,16.5,58,0.04909,0.028
NGC6168,19.5,59,0.04739,0.02793
NGC6168,22.5,55,0.03451,0.02278
NGC6186,1.5,8,1.436,0.171
NGC6186,4.5,27,0.936,0.4218
NGC6186,7.5,45,0.5133,0.459
NGC6186,10.5,46,0.386,0.3917
NGC6186,13.5,44,0.2994,0.2899
NGC6186,16.5,47,0.2133,0.185
NGC6186,19.5,52,0.1537,0.1159
NGC6186,22.5,55,0.123,0.09823
NGC6301,1.5,13,0.04067,0.02003
NGC6301,4.5,33,0.04178,0.02591
NGC6301,7.5,62,0.0389,0.01756
NGC6301,10.5,106,0.04334,0.01805
NGC6301,13.5,132,0.04942,0.01859
NGC6301,16.5,161,0.04771,0.01955
NGC6301,19.5,186,0.04409,0.01959
NGC6301,22.5,200,0.03517,0.01616
NGC6314,1.5,15,0.4162,0.08118
NGC6314,4.5,45,0.2349,0.077
NGC6314,7.5,74,0.09205,0.04124
NGC6314,10.5,86,0.0335,0.02002
NGC6314,13.5,68,0.02005,0.01086
NGC6314,16.5,47,0.02014,0.01231
NGC6314,19.5,34,0.02085,0.01266
NGC6314,22.5,15,0.01024,0.004701
NGC6361,1.5,7,1.608,0.08604
NGC6361,4.5,21,1.322,0.227
NGC6361,7.5,35,0.9205,0.3212
NGC6361,10.5,51,0.6822,0.304
NGC6361,13.5,66,0.5078,0.2822
NGC6361,16.5,80,0.3806,0.2761
NGC6361,19.5,94,0.3,0.2708
NGC6361,22.5,97,0.2616,0.2577
NGC6394,1.5,14,0.1736,0.02462
NGC6394,4.5,42,0.1087,0.03607
NGC6394,7.5,67,0.06889,0.03509
NGC6394,10.5,81,0.05292,0.03766
NGC6394,13.5,80,0.0563,0.05005
NGC6394,16.5,69,0.07285,0.06127
NGC6394,19.5,60,0.06847,0.05653
NGC6394,22.5,56,0.04179,0.03866
NGC6478,1.5,8,0.3613,0.0269
NGC6478,4.5,24,0.369,0.031
NGC6478,7.5,40,0.3,0.07522
NGC6478,10.5,57,0.2532,0.08104
NGC6478,13.5,72,0.242,0.07224
NGC6478,16.5,88,0.2188,0.06956
NGC6478,19.5,105,0.1769,0.06296
NGC6478,22.5,121,0.1261,0.06011
NGC7738,1.5,11,2.082,0.3596
NGC7738,4.5,35,1.092,0.4761
NGC7738,7.5,58,0.3794,0.2711
NGC7738,10.5,77,0.1076,0.09114
NGC7738,13.5,83,0.03986,0.02866
NGC7738,16.5,64,0.02541,0.02296
NGC7738,19.5,43,0.01877,0.01542
NGC7738,22.5,8,0.008802,0.003072
NGC7819,1.5,16,0.4201,0.07636
NGC7819,4.5,51,0.198,0.1116
NGC7819,7.5,62,0.09162,0.08462
NGC7819,10.5,59,0.05648,0.04818
NGC7819,13.5,48,0.03323,0.02321
NGC7819,16.5,26,0.02427,0.01586
NGC7819,19.5,15,0.02611,0.01238
NGC7819,22.5,12,0.02421,0.01163
UGC00809,1.5,0,0.0,0.0
UGC00809,4.5,0,0.0,0.0
UGC00809,7.5,0,0.0,0.0
UGC00809,10.5,0,0.0,0.0
UGC00809,13.5,0,0.0,0.0
UGC00809,16.5,0,0.0,0.0
UGC00809,19.5,0,0.0,0.0
UGC00809,22.5,0,0.0,0.0
UGC03253,1.5,14,0.1483,0.03049
UGC03253,4.5,41,0.07373,0.05199
UGC03253,7.5,44,0.03986,0.03391
UGC03253,10.5,39,0.02762,0.01929
UGC03253,13.5,34,0.02439,0.01427
UGC03253,16.5,27,0.0193,0.01359
UGC03253,19.5,18,0.01456,0.005747
UGC03253,22.5,14,0.0135,0.004758
UGC03539,1.5,8,0.3814,0.03601
UGC03539,4.5,26,0.3036,0.0667
UGC03539,7.5,44,0.2163,0.08555
UGC03539,10.5,58,0.1486,0.09626
UGC03539,13.5,74,0.1056,0.09341
UGC03539,16.5,67,0.08171,0.08333
UGC03539,19.5,61,0.06827,0.06283
UGC03539,22.5,45,0.06003,0.04052
UGC03969,1.5,9,0.2257,0.01923
UGC03969,4.5,28,0.2021,0.02212
UGC03969,7.5,49,0.1551,0.031
UGC03969,10.5,68,0.1127,0.04492
UGC03969,13.5,86,0.0742,0.03977
UGC03969,16.5,100,0.0484,0.02628
UGC03969,19.5,102,0.03045,0.01856
UGC03969,22.5,81,0.02112,0.01408
UGC03973,1.5,22,0.119,0.04616
UGC03973,4.5,64,0.08175,0.04604
UGC03973,7.5,106,0.04852,0.03832
UGC03973,10.5,132,0.03622,0.02395
UGC03973,13.5,141,0.03009,0.01921
UGC03973,16.5,98,0.03567,0.02333
UGC03973,19.5,91,0.03512,0.02478
UGC03973,22.5,57,0.03709,0.02466
UGC04029,1.5,6,0.5759,0.08431
UGC04029,4.5,18,0.3534,0.1618
UGC04029,7.5,30,0.2,0.1537
UGC04029,10.5,42,0.1411,0.1156
UGC04029,13.5,55,0.1161,0.07061
UGC04029,16.5,65,0.09511,0.05271
UGC04029,19.5,79,0.07572,0.04175
UGC04029,22.5,86,0.05522,0.03256
UGC04132,1.5,9,0.8859,0.04433
UGC04132,4.5,26,0.7272,0.09447
UGC04132,7.5,43,0.5367,0.1053
UGC04132,10.5,60,0.4156,0.08764
UGC04132,13.5,78,0.2954,0.08176
UGC04132,16.5,97,0.2176,0.0695
UGC04132,19.5,114,0.1713,0.05763
UGC04132,22.5,131,0.1261,0.04745
UGC04280,1.5,8,0.2468,0.05832
UGC04280,4.5,24,0.1405,0.07294
UGC04280,7.5,32,0.08829,0.05249
UGC04280,10.5,38,0.04923,0.02977
UGC04280,13.5,24,0.03605,0.01645
UGC04280,16.5,18,0.02026,0.01009
UGC04280,19.5,11,0.01379,0.008288
UGC04280,22.5,10,0.01232,0.009019
UGC04461,1.5,9,0.3751,0.0642
UGC04461,4.5,28,0.2337,0.09176
UGC04461,7.5,48,0.1298,0.06936
UGC04461,10.5,67,0.07855,0.04531
UGC04461,13.5,79,0.05355,0.03393
UGC04461,16.5,73,0.03715,0.02241
UGC04461,19.5,48,0.02689,0.01563
UGC04461,22.5,38,0.01815,0.01302
UGC05108,1.5,11,0.5182,0.1161
UGC05108,4.5,34,0.2439,0.1634
UGC05108,7.5,51,0.1013,0.1052
UGC05108,10.5,54,0.05291,0.04886
UGC05108,13.5,49,0.02631,0.02047
UGC05108,16.5,21,0.01639,0.009682
UGC05108,19.5,6,0.02016,0.009888
UGC05108,22.5,4,0.01463,0.009307
UGC05111,1.5,8,0.3086,0.007818
UGC05111,4.5,23,0.2961,0.01211
UGC05111,7.5,43,0.2756,0.01916
UGC05111,10.5,56,0.2328,0.02965
UGC05111,13.5,75,0.1862,0.04127
UGC05111,16.5,91,0.1427,0.04645
UGC05111,19.5,110,0.09157,0.04056
UGC05111,22.5,119,0.05482,0.02895
UGC05359,1.5,7,0.006255,0.002194
UGC05359,4.5,21,0.01455,0.01477
UGC05359,7.5,28,0.02898,0.0225
UGC05359,10.5,34,0.033,0.02165
UGC05359,13.5,40,0.02925,0.01695
UGC05359,16.5,47,0.02723,0.01506
UGC05359,19.5,46,0.01716,0.0111
UGC05359,22.5,29,0.01337,0.005351
UGC05598,1.5,7,0.2052,0.01769
UGC05598,4.5,21,0.1603,0.02801
UGC05598,7.5,38,0.1073,0.03563
UGC05598,10.5,49,0.06136,0.03118
UGC05598,13.5,49,0.04061,0.02105
UGC05598,16.5,43,0.02981,0.01281
UGC05598,19.5,41,0.02302,0.01269
UGC05598,22.5,30,0.02063,0.01444
UGC07012,1.5,14,0.08584,0.01621
UGC07012,4.5,41,0.05338,0.01584
UGC07012,7.5,59,0.03561,0.01517
UGC07012,10.5,57,0.0295,0.01452
UGC07012,13.5,44,0.02459,0.009959
UGC07012,16.5,20,0.01568,0.008233
UGC07012,19.5,8,0.0128,0.00468
UGC07012,22.5,1,0.01929,0.001139
UGC08107,1.5,9,0.6013,0.09694
UGC08107,4.5,27,0.435,0.1533
UGC08107,7.5,44,0.2884,0.1581
UGC08107,10.5,64,0.1917,0.1227
UGC08107,13.5,79,0.1258,0.08913
UGC08107,16.5,94,0.0868,0.06661
UGC08107,19.5,101,0.05118,0.04512
UGC08107,22.5,84,0.03498,0.02436
UGC08267,1.5,7,0.5052,0.04439
UGC08267,4.5,21,0.3961,0.09557
UGC08267,7.5,36,0.2868,0.1006
UGC08267,10.5,48,0.1923,0.08784
UGC08267,13.5,60,0.1233,0.07275
UGC08267,16.5,70,0.07671,0.05606
UGC08267,19.5,52,0.06144,0.04264
UGC08267,22.5,42,0.04052,0.03272
UGC09067,1.5,12,0.2359,0.02786
UGC09067,4.5,39,0.2011,0.03374
UGC09067,7.5,65,0.1543,0.03134
UGC09067,10.5,91,0.1071,0.03384
UGC09067,13.5,116,0.05977,0.02546
UGC09067,16.5,124,0.02961,0.0156
UGC09067,19.5,84,0.01512,0.007773
UGC09067,22.5,11,0.01118,0.007483
UGC09476,1.5,15,0.04137,0.019
UGC09476,4.5,34,0.04648,0.02561
UGC09476,7.5,48,0.04291,0.02313
UGC09476,10.5,57,0.03228,0.01263
UGC09476,13.5,46,0.03331,0.01639
UGC09476,16.5,54,0.02772,0.02013
UGC09476,19.5,90,0.02983,0.01239
UGC09476,22.5,94,0.02829,0.0122
UGC09537,1.5,8,0.09125,0.02065
UGC09537,4.5,26,0.07417,0.03467
UGC09537,7.5,43,0.06965,0.03948
UGC09537,10.5,61,0.08234,0.05095
UGC09537,13.5,75,0.07067,0.04159
UGC09537,16.5,86,0.03509,0.02139
UGC09537,19.5,69,0.01974,0.01302
UGC09537,22.5,62,0.0184,0.01164
UGC09542,1.5,8,0.2125,0.04487
UGC09542,4.5,25,0.1186,0.05712
UGC09542,7.5,42,0.07393,0.03888
UGC09542,10.5,58,0.05444,0.02328
UGC09542,13.5,70,0.04386,0.0216
UGC09542,16.5,70,0.03992,0.01944
UGC09542,19.5,73,0.0316,0.01813
UGC09542,22.5,62,0.02654,0.0162
UGC09665,1.5,8,0.365,0.03439
UGC09665,4.5,21,0.2862,0.04254
UGC09665,7.5,39,0.2228,0.04243
UGC09665,10.5,54,0.1734,0.04027
UGC09665,13.5,70,0.128,0.0422
UGC09665,16.5,86,0.08347,0.04176
UGC09665,19.5,91,0.05956,0.03225
UGC09665,22.5,89,0.04375,0.02384
UGC09759,1.5,11,0.8512,0.1136
UGC09759,4.5,32,0.4676,0.1517
UGC09759,7.5,56,0.1777,0.0822
UGC09759,10.5,74,0.06544,0.04505
UGC09759,13.5,73,0.04879,0.03914
UGC09759,16.5,66,0.03783,0.02786
UGC09759,19.5,46,0.02232,0.01447
UGC09759,22.5,27,0.01936,0.007986
UGC09873,1.5,6,0.2198,0.04303
UGC09873,4.5,21,0.1296,0.0647
UGC09873,7.5,26,0.07325,0.05844
UGC09873,10.5,22,0.0567,0.04251
UGC09873,13.5,19,0.04182,0.02838
UGC09873,16.5,18,0.02451,0.01724
UGC09873,19.5,16,0.01684,0.01158
UGC09873,22.5,15,0.01326,0.008784
UGC09892,1.5,8,0.09877,0.01675
UGC09892,4.5,26,0.07241,0.02725
UGC09892,7.5,33,0.05207,0.02256
UGC09892,10.5,43,0.03958,0.01876
UGC09892,13.5,48,0.03049,0.01346
UGC09892,16.5,52,0.02804,0.01266
UGC09892,19.5,56,0.03002,0.01798
UGC09892,22.5,43,0.02205,0.01414
UGC10043,1.5,1,0.5215,0.03456
UGC10043,4.5,3,0.4653,0.04698
UGC10043,7.5,4,0.4474,0.05508
UGC10043,10.5,8,0.3938,0.08907
UGC10043,13.5,7,0.3008,0.1232
UGC10043,16.5,11,0.2823,0.1532
UGC10043,19.5,11,0.1748,0.1418
UGC10043,22.5,16,0.2141,0.1666
UGC10123,1.5,9,0.5064,0.03
UGC10123,4.5,29,0.428,0.04315
UGC10123,7.5,49,0.3519,0.07536
UGC10123,10.5,68,0.2694,0.1028
UGC10123,13.5,87,0.1774,0.0939
UGC10123,16.5,103,0.1019,0.07004
UGC10123,19.5,102,0.05594,0.04451
UGC10123,22.5,69,0.05231,0.03716
UGC10205,1.5,17,0.2046,0.02629
UGC10205,4.5,52,0.1245,0.03723
UGC10205,7.5,80,0.08097,0.04784
UGC10205,10.5,83,0.05066,0.03308
UGC10205,13.5,75,0.0414,0.02922
UGC10205,16.5,51,0.0364,0.02681
UGC10205,19.5,30,0.05108,0.03181
UGC10205,22.5,25,0.02689,0.01494
UGC10380,1.5,5,0.2796,0.08234
UGC10380,4.5,14,0.1573,0.1114
UGC10380,7.5,11,0.1219,0.09206
UGC10380,10.5,10,0.09397,0.07062
UGC10380,13.5,8,0.06866,0.03869
UGC10380,16.5,8,0.04325,0.03202
UGC10380,19.5,7,0.04036,0.02732
UGC10380,22.5,6,0.03091,0.01984
UGC10384,1.5,9,0.4929,0.03817
UGC10384,4.5,28,0.4085,0.0533
UGC10384,7.5,50,0.3209,0.06969
UGC10384,10.5,68,0.2094,0.07173
UGC10384,13.5,86,0.1044,0.05469
UGC10384,16.5,94,0.05411,0.03365
UGC10384,19.5,93,0.02999,0.01876
UGC10384,22.5,69,0.01792,0.01042
UGC10710,1.5,10,0.2783,0.02295
UGC10710,4.5,29,0.2089,0.03745
UGC10710,7.5,50,0.1217,0.04392
UGC10710,10.5,68,0.07206,0.03303
UGC10710,13.5,85,0.04218,0.02531
UGC10710,16.5,86,0.02239,0.01249
UGC10710,19.5,62,0.01817,0.01078
UGC10710,22.5,18,0.01658,0.01005
