# R(arcsec), vrot(km/s), vrot error
      4.63571      88.3046      3.62840
      8.81161      165.184      7.17956
      11.5991      205.286      5.55787
      13.6491      235.959      3.80961
      15.4577      257.896      4.49479
      17.2353      274.298      3.97345
      19.1796      284.689      4.25034
      21.0661      286.889      3.48820
      23.0056      286.176      3.36196
      24.8933      288.193      3.56471
      26.8182      295.550      3.17229
      28.7986      307.461      2.19242
      30.8477      319.371      2.78116
      32.8275      327.103      4.78173
      34.6606      321.469      7.10689
      36.6143      306.990      11.0807
      38.5789      283.415      18.2191
