# R(arcsec), vrot(km/s), vrot error
      3.17767      139.888      5.49846
      5.80532      198.478      3.54866
      7.85884      215.592      5.17959
      9.89981      213.101      2.06278
      11.9649      215.739      3.79828
      14.0598      191.397      4.35600
      16.0303      202.621      3.66793
      18.0164      197.335      2.14043
      20.0076      162.693      3.11614
      21.9659      187.977      2.27565
      24.0372      199.946      1.07781
      26.1208      211.179      1.82352
      28.0458      216.482      1.91891
      30.1418      224.359      1.94983
